7538 19
8411 21
3757 14
7668 21
5313 22
2063 14
4137 15
7230 19
6847 21
9903 22
8957 17
4753 15
3854 19
5000 17
6548 19
2246 19
4906 13
9808 15
6595 21
3388 13
2092 20
8166 14
4493 17
7054 23
6269 23
5418 13
1203 8
2642 12
5710 15
510 11
8424 20
3248 13
5272 14
2181 15
7267 18
6937 15
595 14
7755 27
4166 16
7441 15
7657 20
9474 13
8546 18
1511 16
825 15
5093 13
108 10
5730 15
1252 17
3055 19
5469 15
3343 12
1220 21
9961 19
396 16
7488 19
1730 11
7951 18
129 12
3792 18
4812 20
4905 13
3391 17
6436 12
7085 20
657 11
3372 13
7679 22
8412 18
3889 11
1472 10
2420 14
3362 11
17 7
282 8
4186 12
1461 17
390 8
6267 16
2712 9
3444 17
1735 18
6054 17
1015 14
8047 14
2801 16
8502 16
9776 19
751 9
4982 11
9919 21
5563 18
9886 18
3309 13
8350 10
6970 17
318 7
1721 19
1001 14
8729 20
1961 15
2472 8
7500 18
5322 14
8840 18
7782 22
5859 22
300 13
4523 14
2125 11
3011 19
4318 23
3859 10
9064 22
5332 14
1905 19
1864 15
185 14
8032 25
8967 21
5166 21
881 9
1404 14
1259 19
9230 12
4725 20
1576 15
950 13
5725 21
6656 18
9262 26
4548 16
508 14
4583 14
3387 19
8289 22
6793 14
3686 18
9163 23
8917 15
6696 14
9832 13
9127 19
2111 13
1515 12
1031 13
3975 13
1699 13
9062 22
9293 14
3216 16
7012 21
173 6
4619 23
4623 17
9402 16
5696 10
2550 18
6703 16
1420 14
9206 15
5964 14
5968 16
6065 13
6898 21
9354 17
705 12
3690 22
9392 13
9867 16
2606 16
2439 21
6050 23
1732 15
4550 14
7564 20
9114 18
4876 17
5614 22
4527 24
4168 14
8829 18
7891 14
4340 14
9800 25
2513 13
93 12
1847 11
1414 17
6795 19
3266 21
6971 21
9110 15
5585 14
3035 17
6007 27
4939 16
3739 15
9696 29
682 13
9957 18
8653 18
3120 17
6006 12
6736 17
7669 17
3569 9
2201 13
8896 21
5534 21
6727 19
9415 13
715 11
969 10
3754 17
6866 18
3481 15
198 10
8712 17
1247 15
6992 14
1977 20
8217 15
6101 22
7562 14
8459 14
8852 23
1342 14
4506 17
5885 17
1299 7
9510 21
9004 23
7304 22
6245 24
3025 16
7225 21
4797 22
1920 21
2758 18
7876 21
1335 15
9824 20
8844 17
1440 15
6689 17
8677 16
1638 9
5400 8
9923 30
4981 14
3729 21
4491 17
7434 17
7642 25
5742 18
5892 14
6493 24
3436 13
398 7
2377 12
4734 17
9907 13
7732 18
8389 21
2504 17
756 17
5613 17
7300 18
9028 21
4723 11
1527 13
6714 25
4546 21
371 6
8153 23
1235 12
9047 17
6142 19
2986 17
5321 22
1123 20
9811 20
8556 19
4355 14
799 16
847 11
5340 18
1196 11
9575 15
73 9
7455 17
7307 14
8461 19
9958 12
4414 15
426 10
3609 17
3441 13
1500 17
5136 16
154 8
6045 21
1858 17
4659 11
3631 16
904 17
800 13
6617 18
6224 17
8274 19
3330 11
2386 18
3181 15
7685 15
4290 16
3980 20
4883 20
9629 23
810 9
6053 20
8981 16
4468 15
866 17
5290 15
8881 26
1291 14
5251 12
8674 19
2790 15
6738 23
5179 18
5186 20
8595 19
9837 20
8817 11
5850 16
6989 16
5433 14
8425 18
1614 10
8762 24
1147 14
2798 11
5100 16
5126 23
4033 12
1080 15
3004 17
4842 18
7133 19
1985 13
9309 28
7998 15
3626 12
4541 18
5640 22
8876 18
9566 11
4781 14
4745 15
9966 19
559 7
933 12
8782 17
6408 19
4273 13
566 13
4832 9
5887 17
5680 12
1994 18
7033 20
8477 18
7093 18
8510 16
2509 13
8172 22
7865 17
3702 16
1656 17
6201 26
3010 23
6005 15
9827 23
3903 11
1644 17
5054 17
3468 18
6424 14
7019 20
4564 15
2742 18
7577 15
5497 20
1523 10
3985 15
6121 17
8441 13
5168 13
2007 16
4120 14
7161 15
5391 16
8948 25
605 14
252 13
7809 18
5129 16
8117 16
1510 15
6784 12
4317 22
872 14
2789 17
495 19
4774 18
784 20
5549 22
4593 17
3560 15
2567 18
9157 24
6301 20
143 14
1005 13
4175 21
479 13
7125 13
2615 15
1999 21
5484 16
6734 20
9159 20
7226 18
2034 10
9764 23
7478 26
9842 16
1244 15
1946 12
1351 20
8027 19
2614 22
2222 15
7167 13
3109 13
3347 17
4303 22
5009 16
4292 14
7862 21
7575 23
3448 21
4162 16
4069 25
804 16
8336 25
900 14
7928 19
951 16
2898 18
3411 23
4036 18
8408 15
6069 17
4466 22
2262 11
5766 15
2763 14
3613 21
145 10
5376 13
2186 11
3663 14
4836 12
1885 13
7965 14
9844 21
6176 16
5826 15
3770 22
5975 17
9987 20
4191 19
6778 14
4675 16
5090 19
4705 24
4339 11
2364 11
2746 23
1456 19
4785 19
3621 12
2273 17
7046 16
9386 14
1387 16
658 13
5882 17
3114 16
9196 21
9545 14
7950 16
7509 19
4145 17
7255 25
9687 19
4267 15
9581 10
6025 19
8457 18
6358 23
699 17
3546 17
7414 16
9027 21
4236 17
8233 20
1391 16
6981 19
6040 19
6175 14
6953 14
4664 22
3220 10
6339 13
230 10
8572 27
9164 17
5777 19
8116 18
3465 14
6856 20
3961 15
462 11
1663 11
8227 23
42 6
4039 13
6683 19
2751 14
1090 15
6580 22
164 9
116 8
815 9
8397 16
7858 21
4148 19
4436 11
4032 15
1100 17
9100 17
3604 21
3790 25
1501 18
2362 12
7016 17
2313 15
6829 15
6832 22
9168 14
5157 16
793 15
5981 15
3171 19
9019 17
2374 14
7210 15
2054 17
5124 16
8299 17
4985 14
5287 12
8414 17
5800 17
35 9
2624 13
6299 22
823 14
3007 14
3750 14
6274 26
6610 17
3892 14
7774 23
3146 15
2605 12
1142 12
5458 15
9433 13
7973 16
977 18
942 13
8765 21
4112 18
4136 23
5682 16
1321 13
2541 16
805 10
9619 17
7525 28
2444 11
4385 20
9676 21
8830 15
7008 14
5974 16
9652 14
14 7
6076 19
2277 22
2976 11
9967 17
6403 15
2473 13
8923 22
7544 18
4283 15
4707 16
5516 21
1611 20
5648 10
633 13
4920 22
9760 19
1120 16
3660 13
4110 18
7051 17
1184 10
2905 11
1435 8
860 14
1734 11
4794 24
3185 16
7738 22
1159 18
5612 19
486 10
1930 12
6416 19
2959 12
852 10
3959 17
3593 18
5559 17
5827 11
5203 17
1206 11
6459 18
6474 23
965 16
7578 18
3427 14
7589 18
7536 18
5447 14
8772 15
6792 15
3233 17
5983 17
8525 26
8026 19
5520 12
6262 21
5536 23
1131 16
2628 16
6022 11
9413 18
9043 21
264 10
8924 16
5822 11
5180 17
478 15
3380 17
7990 17
6952 24
4344 17
1919 20
6730 26
2740 22
9507 25
617 8
4538 12
4630 12
7408 17
7770 13
613 12
2284 14
2147 13
2484 21
4898 24
7683 23
56 7
9378 25
2919 13
1739 10
9642 12
2272 17
662 11
1815 13
3803 14
7491 25
5194 19
8144 15
794 16
5890 12
62 6
7523 22
9568 15
9519 20
4198 25
1898 15
3640 22
1162 16
534 10
5787 11
3645 26
5431 17
9821 20
9962 26
2955 15
6228 22
9340 20
5873 17
7966 24
5333 11
4497 26
4979 18
7147 18
4651 18
8821 17
2341 18
2795 13
9615 15
4582 23
9208 21
3489 14
9562 22
8776 25
7980 16
5432 23
9325 12
6229 17
9072 17
6838 13
6762 15
1210 17
482 11
8544 20
7382 21
443 13
1498 18
6134 11
3723 16
7926 17
1466 19
8219 17
2904 21
8613 20
9221 16
8076 13
7305 16
2015 17
7690 23
8238 21
1223 12
7531 25
7799 21
6350 15
5510 10
3231 11
2026 11
8090 12
2302 11
8863 21
1204 21
9863 20
9747 19
7244 17
2490 13
7597 15
8624 15
1319 18
8777 14
6441 19
5889 18
1405 18
6107 24
5061 22
9828 11
149 14
3298 13
7402 13
1097 13
3751 22
9540 18
679 17
2128 16
3981 13
9332 17
990 14
5184 13
9194 19
3037 17
1283 14
6437 20
5526 21
5231 12
7288 28
501 13
6549 16
2416 14
6942 21
8789 18
6799 16
4698 15
249 12
9257 20
9759 12
76 10
5757 13
3056 18
3829 21
3435 14
504 10
7579 18
9326 18
1182 15
6058 19
3307 15
513 15
3399 14
9706 15
6435 14
6124 11
8313 18
1354 21
9781 13
5165 15
4254 22
8548 18
8458 19
9394 18
1698 18
3156 7
5995 12
2914 20
2422 18
3063 17
2321 17
6251 17
2850 16
2825 15
181 8
2175 13
4006 15
6239 19
5481 20
4519 20
9637 20
323 12
576 14
2424 15
6718 16
736 11
5900 14
1109 8
7750 24
4358 11
503 9
9447 20
7513 17
6497 16
6753 12
5270 24
9816 17
9098 12
1520 20
2665 16
1922 19
1701 24
1191 12
2280 12
7939 23
6672 19
6798 25
3927 13
3346 12
3725 14
6143 15
6794 17
2998 23
9644 13
9337 16
4107 12
7393 12
3694 19
4609 13
3191 18
7558 19
7457 17
9944 14
4335 22
2726 14
6111 15
3432 13
598 13
5127 16
1706 12
2298 25
6317 19
6588 13
7134 17
2685 17
858 20
7652 13
6652 16
8177 7
3647 18
2340 10
8635 16
1039 14
2385 17
9595 17
4229 19
9942 18
3403 17
524 13
628 13
2481 17
6634 19
4060 22
3078 12
8112 17
2117 12
1727 17
4429 15
4666 22
120 6
9586 21
1531 20
2805 14
1098 19
4336 14
4446 17
4102 13
8864 21
8092 23
2793 16
3851 17
5482 19
5178 19
3445 18
6063 19
5119 15
6848 20
6586 21
5747 16
9328 15
9572 19
6158 16
2405 21
4035 15
4626 21
483 16
4815 16
7078 15
5148 24
4935 10
6663 19
3030 20
4091 12
3457 9
480 19
8426 18
7903 11
4581 24
3641 23
2346 13
7373 20
4180 23
8902 17
936 13
242 11
4021 13
4135 18
3179 17
6119 17
9814 23
2750 20
2276 15
8570 27
3137 15
3253 23
9052 25
330 9
4199 21
2885 12
3580 15
6975 17
6800 15
4059 14
1752 16
4702 13
4991 22
1745 17
3400 21
9235 17
1265 14
6522 24
4172 14
1637 13
7350 20
6821 12
6452 24
6382 14
5390 20
9588 14
9634 26
4441 23
6315 17
423 13
3306 20
8571 10
3749 10
106 7
1853 13
3972 15
3597 16
910 13
2687 11
9183 17
4840 13
303 7
2057 18
9011 19
1940 17
6361 19
6046 24
8780 14
1274 19
8751 13
4765 18
2067 9
6288 18
3409 17
3062 20
737 11
1979 15
3163 12
7194 21
7312 23
5015 22
4963 19
3969 14
6806 18
4271 15
5816 15
2562 11
1617 17
8528 18
8608 25
7501 19
7691 15
8503 18
3544 24
5934 12
8494 20
6671 13
5283 13
8008 19
216 9
2594 13
9374 17
228 12
6886 17
4196 15
4833 16
3691 23
8467 17
7385 24
5858 12
7380 14
9001 17
738 11
5987 20
2853 12
8428 19
6077 21
4331 13
1221 9
4580 13
7874 20
6653 22
6865 17
1178 14
3535 12
2813 18
103 7
1758 19
5022 18
1986 15
5919 23
8259 14
6181 17
7103 17
8301 23
999 12
4487 19
4159 16
8379 23
3488 23
4896 18
717 18
2692 17
9675 24
7022 13
7247 20
7725 16
1248 20
251 16
4589 10
8101 21
4476 16
1589 13
3958 12
4578 19
5540 18
5951 22
7810 17
4210 11
7864 25
4912 14
2510 15
9399 19
3020 17
7241 17
9238 13
4309 13
1929 11
294 7
1102 15
5303 24
7540 17
6550 22
7791 19
9767 17
5326 15
2243 14
4242 21
3267 21
2552 12
8819 27
6613 16
8091 12
4769 14
8296 21
2253 14
5330 16
6159 20
7164 13
4192 20
5021 14
7211 14
2151 17
1478 15
9274 17
432 8
1771 17
5734 19
5662 22
9804 19
1671 11
312 7
2046 21
2264 12
3578 17
4597 13
6542 19
9040 18
8554 20
1189 16
1292 11
3884 14
7348 19
8455 14
8075 20
8720 22
1369 16
3685 21
9871 22
9466 27
2958 11
302 8
7588 22
9684 17
2387 17
3250 12
1588 19
3053 16
9610 14
4037 18
1451 16
8225 15
3966 16
6047 20
2010 16
1438 20
564 13
8048 16
2729 17
5395 14
5225 24
4115 16
8904 20
6861 18
6327 9
7108 21
1780 16
3914 26
6791 17
518 7
3515 21
4731 14
6568 18
692 14
1927 10
4370 22
416 13
7278 17
1854 14
7841 22
934 13
8639 13
2545 23
8469 15
215 13
3724 14
7076 20
809 17
8850 15
9754 22
4268 13
629 10
3667 16
1059 17
7498 12
3534 11
2141 18
5388 18
101 10
2832 20
3666 18
822 15
8100 15
5910 20
1237 11
5378 14
8660 15
9442 14
9570 18
5810 17
6728 15
4561 16
8355 12
5196 21
4775 12
1365 18
8920 15
1850 19
8526 14
4121 12
1603 17
1101 17
1622 10
203 7
8598 20
5155 15
2343 22
338 13
1607 14
4003 16
5978 21
9912 26
16 4
1355 16
4924 11
925 8
2537 13
5485 13
1791 10
4084 21
6611 16
9355 18
8033 18
3475 17
6415 16
7177 14
927 13
4388 19
3732 9
9525 9
5894 25
6074 11
9862 13
3852 16
3952 15
2631 20
9930 22
128 7
8999 15
1284 14
1403 12
1160 15
8560 22
8487 18
48 5
278 11
4131 22
7007 16
9785 22
3486 9
1819 17
4169 23
3312 15
1345 17
4239 20
8973 17
5076 15
3763 24
4866 13
7502 18
9976 17
5070 13
1453 9
191 13
7700 12
1382 13
6670 16
3050 8
9018 23
4424 19
4209 23
3929 15
2911 16
4256 15
4325 12
8387 18
9324 15
8224 20
9501 21
7887 18
4085 12
1188 14
3057 20
2616 13
2239 10
4275 27
6469 15
2214 22
9344 17
7921 14
8757 13
3395 10
5655 24
1778 14
6445 17
1024 11
6202 18
653 14
4952 16
5464 16
1261 16
5628 16
5003 19
5999 14
3310 16
678 6
4222 21
2810 16
521 16
2108 15
6895 18
8060 27
585 7
6303 11
675 13
2823 14
577 11
7143 15
1389 12
6272 19
1416 17
9667 13
3422 20
2463 21
4445 12
827 11
3115 9
9396 17
6290 23
727 11
1376 11
7644 11
6725 20
4685 18
8321 21
7298 18
3847 16
5193 22
5758 19
6342 21
279 11
324 12
3774 13
3256 18
5189 17
9752 19
2613 15
4962 21
4378 17
5075 24
9406 26
1556 17
4542 12
5153 14
1620 18
6528 19
1841 16
8345 16
7565 17
6514 13
5642 17
1411 14
1399 12
1310 16
4092 15
1897 12
9608 17
5362 11
2863 9
5167 14
6902 16
1863 12
5558 14
1268 18
1251 18
6451 20
2772 13
1800 17
8070 18
9300 13
9993 13
2766 15
6864 18
6506 20
4563 15
3128 10
250 14
5024 21
3813 16
9857 18
3596 14
9174 14
9071 17
5114 21
6075 10
8037 11
5596 18
7937 17
7505 19
5556 14
5335 21
3955 19
8327 25
8377 21
3978 22
7126 14
7193 18
9983 19
9549 20
1818 7
898 17
5707 14
4945 23
3122 18
2308 19
6321 15
6934 19
2164 16
6268 11
1234 9
1381 15
8533 16
5623 17
3328 21
833 18
8376 17
5040 21
1139 15
6702 16
9515 13
7032 22
5651 18
7009 26
4224 22
6557 17
6042 21
2883 9
8615 18
986 11
6004 15
922 10
7306 13
2937 12
9437 15
9925 21
7023 15
2645 14
985 12
6747 26
2350 14
8169 22
5122 21
3742 14
9307 18
8175 17
2267 20
5174 21
5206 14
4269 21
2182 11
9430 21
1823 13
5488 13
57 10
9160 14
7843 14
7330 24
2818 14
7131 21
6767 20
2525 11
141 11
399 15
2803 16
2785 17
1383 13
1486 18
9551 18
1022 11
1579 14
5209 19
9197 12
3845 16
382 14
754 13
8915 19
183 12
7071 16
4005 12
8357 24
8911 15
4061 13
7517 20
3105 12
1390 18
334 11
236 7
4508 19
3075 14
2760 13
4648 22
3473 15
1915 17
7432 12
1207 8
1463 23
7109 21
8837 13
2318 14
7045 16
9051 18
5138 15
1673 15
1970 8
29 4
6546 14
2382 16
7545 23
9651 26
3771 19
7878 18
8279 15
8997 22
9278 10
777 15
911 15
8726 16
8331 13
5444 15
1530 20
4113 15
4926 11
3164 11
7083 27
9139 11
7481 18
5107 20
9450 23
6968 17
8183 20
2680 19
2970 14
8305 14
6910 25
2855 23
6583 24
4214 10
8204 12
2213 15
5274 12
9677 16
5121 10
8104 18
1485 6
9233 22
6401 21
8748 24
3484 17
1901 21
8590 23
2323 12
2029 17
77 9
5643 12
211 15
2757 13
8612 17
8516 19
6018 21
7819 12
1450 20
231 9
3662 18
1572 23
1487 19
8935 22
1249 13
5678 17
8890 20
2721 11
3781 18
375 6
1953 16
182 11
701 11
5037 12
6928 15
4958 13
3712 10
5706 22
5519 18
4143 13
669 6
4034 13
6512 14
6742 20
4665 20
2347 12
4432 16
5913 15
8024 16
3321 20
8633 19
8156 14
47 7
6938 14
4689 19
9535 13
7638 15
1057 11
924 15
917 17
2367 17
4635 13
6225 29
3753 18
6692 10
1744 19
7895 18
7360 18
4406 16
5847 15
7612 18
7499 20
6706 17
2163 22
4428 9
7212 18
9412 18
7935 18
3611 20
6349 11
2623 22
3145 23
32 6
4068 22
1255 11
2398 13
3831 15
6150 24
5574 17
9105 17
7703 22
1153 12
1303 9
1666 15
8651 19
7165 12
3412 22
5017 17
1592 19
8581 11
7356 16
1124 14
2191 18
3704 18
99 14
394 9
130 7
5755 19
8000 21
2527 14
7160 14
1830 18
8676 17
8905 17
3756 23
5423 25
4361 18
1458 14
6575 18
5663 12
9475 18
1577 15
3670 18
601 13
8741 17
3433 21
5617 19
6685 19
6623 25
4197 16
4040 18
7746 18
6387 20
4095 22
7844 13
8074 13
840 14
180 11
8839 19
6851 18
7339 16
1878 14
6243 13
776 16
6955 27
8585 26
3874 16
2617 13
8059 16
5450 15
2639 20
8659 13
543 15
6071 17
4276 17
3579 10
9045 19
4824 16
3970 21
1211 10
8064 11
5636 16
5256 20
5311 24
5815 20
4094 15
2161 13
9505 19
1114 12
2100 12
1889 9
1338 16
9054 25
473 12
1564 14
4884 19
3365 23
661 10
3542 24
3907 13
3083 15
3837 15
8993 22
7806 17
6555 12
6255 17
2190 10
7477 16
7917 15
4356 14
1570 14
78 11
3860 17
9036 18
468 7
5959 20
8157 18
5013 20
7749 15
9720 16
2632 18
6173 14
9695 18
3129 17
6694 28
3532 12
1608 11
5686 22
1337 19
6877 18
2240 16
9910 17
9484 18
7386 18
7400 22
5308 17
8995 21
4343 17
4296 14
4954 14
1618 7
8805 22
6318 18
9366 25
5704 15
8349 11
4312 16
5750 22
874 9
4007 17
8878 21
7567 20
9604 14
5226 18
3714 11
1843 15
3197 19
8873 20
6949 17
7758 14
532 12
7129 16
6752 16
4874 12
1425 19
8057 18
2844 11
6581 19
726 12
8561 26
6429 10
5768 17
2178 19
9774 20
1056 15
7893 19
1304 18
8888 14
7958 19
9498 12
1155 13
2120 19
9248 22
4455 25
9779 15
1583 17
9359 16
3741 19
200 10
5939 13
8760 15
3747 15
895 7
2021 22
9514 10
3072 14
6155 12
5639 14
4207 17
5653 20
8371 24
1862 15
4540 12
6329 16
1359 13
1267 14
3835 22
9830 13
4641 18
2410 14
6644 16
6223 20
1742 21
4000 16
1934 13
551 14
9947 27
9311 14
7970 16
841 10
7483 14
265 12
190 8
9473 19
743 14
4396 19
5125 17
5466 23
2610 17
6017 15
8146 20
3968 10
7283 17
8332 17
150 8
2972 14
2559 12
5546 14
652 15
7495 24
7479 24
6133 13
8045 13
1703 16
2432 14
3707 14
9672 13
9624 23
7742 15
3507 17
9888 16
7931 17
9331 21
631 12
8678 20
4456 17
6096 17
1287 15
6824 21
593 13
4106 12
8108 20
4605 14
1895 19
666 16
1747 16
7670 25
9241 19
1271 9
3802 13
3638 21
2585 21
7344 25
8996 19
2209 9
5085 17
8854 19
2096 12
9367 26
8185 16
9078 24
8992 19
1525 13
5683 18
1040 8
1748 18
876 20
9286 19
8766 17
2622 12
8215 22
700 18
1852 14
24 5
9173 18
5547 16
5371 18
7733 19
632 7
4225 23
8761 14
8906 12
4394 20
7752 21
6782 22
9918 18
8899 19
69 10
6189 18
1817 21
7064 19
5576 20
582 8
6037 22
5005 20
3368 18
4251 24
9955 12
2454 15
5727 13
5479 19
4353 16
3211 13
1336 10
3039 18
6785 20
2079 13
4536 19
1429 21
8507 17
327 8
8575 22
6993 17
6743 15
408 11
3676 14
9900 27
7043 21
7047 25
5603 16
6998 19
7681 13
8828 14
3853 14
2039 10
5188 13
6802 11
9224 18
3586 19
9724 20
1302 8
4474 15
7504 16
6160 14
1630 10
7831 16
1087 12
8623 12
7829 13
9030 19
5694 12
1505 15
1826 15
5593 13
4899 19
7547 17
1896 13
5227 16
724 14
4929 10
355 13
6468 13
3508 21
542 19
5691 13
3446 17
9504 21
8302 20
590 13
4522 13
4771 15
9904 15
1145 10
2627 16
1729 10
6737 18
5773 23
1677 17
5861 20
2848 19
6605 14
6216 13
2502 22
8763 26
9520 16
5470 17
2107 11
9589 21
1610 15
8552 19
563 12
3342 17
9674 15
6818 24
2300 10
1851 17
1948 11
3528 20
7718 17
132 10
285 10
3107 18
3204 20
1960 20
8318 20
2231 21
7429 25
424 12
2373 15
3370 17
8385 19
1260 13
3288 18
5328 14
4601 21
2961 20
8498 15
5439 17
1612 8
3396 15
3014 19
7788 26
5246 17
4871 25
6087 19
8773 17
8940 18
7234 10
5257 19
5577 20
8288 19
8652 21
6870 16
3552 16
9242 21
5801 15
5687 15
4365 10
888 16
4184 12
9803 13
2500 19
2816 16
6639 16
2824 20
4038 17
9077 15
7949 17
2978 16
6310 19
3205 17
8016 16
6841 21
4357 19
7496 27
3710 19
6788 14
7399 15
9304 19
8941 16
9662 18
8704 18
7261 21
5348 17
3068 18
4501 17
9531 13
2871 9
7000 12
2038 19
6285 16
2714 14
4233 18
9053 16
3789 18
1081 13
7150 17
5437 18
8576 20
3049 17
2866 13
3868 14
5086 16
2528 18
2572 12
8699 24
7875 16
3199 19
7406 19
4861 18
6899 15
6539 23
2974 13
5604 17
7734 16
8378 21
979 14
1522 12
8687 19
2059 18
6029 14
5836 20
8031 14
9398 25
2423 14
7431 17
2517 19
4791 22
5213 19
1215 14
765 13
6422 22
2064 16
7314 23
8962 17
789 15
8287 14
9455 22
8523 17
3016 17
6786 17
6396 14
1702 16
6807 16
3287 16
7817 11
4238 15
5550 19
458 17
6754 20
340 12
5671 24
4320 10
9356 18
2874 14
1436 12
2130 10
4937 14
8749 18
5769 20
8952 13
4889 16
8406 18
1431 16
4257 10
1543 9
4179 16
2310 16
6739 23
6199 10
2133 12
9761 20
9485 21
3998 13
1386 15
6758 19
8077 9
3784 18
1653 12
9209 22
2942 18
7957 17
1681 15
3192 14
3260 17
4590 21
8018 13
6020 17
8688 12
9560 12
998 16
2650 15
7196 14
1134 13
9265 17
3032 19
9614 25
769 14
544 9
6717 17
5197 12
5675 15
4490 16
8980 18
3680 15
51 10
1245 16
6621 22
4359 20
2925 14
6164 17
7619 14
3866 16
5635 19
1547 10
6632 15
179 5
1682 9
1555 7
5468 16
1168 19
6682 21
2363 22
5078 15
857 18
1716 8
5128 14
2101 15
5838 20
1378 16
4499 14
3456 22
5243 17
1446 16
5443 14
1480 16
7080 13
6990 14
63 4
241 15
9219 21
8111 17
6154 19
4686 16
5630 22
2835 12
7048 14
6218 17
4712 17
1437 14
1295 14
3152 19
2774 19
373 13
7840 24
8611 17
1750 11
2338 17
8419 24
3344 20
135 7
3861 15
1176 8
7214 25
850 14
5442 17
7276 19
4739 14
1998 10
6460 20
21 5
4995 18
2089 17
8395 21
8306 20
3918 15
9831 21
5952 16
9334 18
5077 16
6210 20
7173 19
40 5
4311 18
5863 17
5997 15
8670 21
5181 20
9563 18
5872 19
6974 15
3190 15
610 11
5323 21
3410 15
4567 24
1782 18
3430 22
5914 24
3871 13
2637 17
4308 11
2906 17
490 8
832 13
8743 15
9823 22
5908 23
3348 22
5947 21
1966 16
9210 12
5972 18
1558 16
9426 16
7472 15
1649 14
4478 15
2258 21
6152 15
3177 18
7934 22
9090 22
2840 10
9749 17
2098 10
6590 15
7192 13
2764 13
8496 11
2072 14
6813 24
1672 17
9180 19
9136 24
3230 11
4957 19
6640 15
7469 23
7714 20
8862 18
3620 19
8136 14
7905 12
8340 22
6060 11
9095 23
9628 20
168 11
2960 13
6820 15
2932 17
9085 17
1667 16
5394 17
1157 11
8479 23
7066 18
6688 23
7615 19
295 10
606 11
7347 14
4600 17
1413 20
9813 13
9548 20
5950 17
5681 18
8361 19
1770 8
9260 19
9427 20
415 12
4568 19
8710 19
9499 15
6234 23
4104 19
1065 18
1169 9
8679 16
7815 14
1689 13
9284 19
5161 19
3709 15
6573 19
8105 14
406 11
6711 24
6335 18
8767 17
5594 17
6221 13
2581 15
1373 11
2987 16
7148 22
82 7
2486 13
9734 18
4185 13
5844 16
798 16
5353 17
9538 15
5828 16
4680 14
218 12
7604 27
2670 15
9627 18
6428 14
6972 17
6385 25
9491 18
5151 16
4322 24
5252 16
1371 14
3254 22
6624 14
6705 22
3195 16
2839 17
7242 13
9038 14
9988 15
8946 26
4927 16
8465 22
2505 18
3629 21
9496 16
2722 15
3451 16
1743 18
1129 14
9879 15
8714 16
5721 18
9015 18
6394 14
9974 25
386 11
9648 18
6597 18
1095 12
9654 24
4289 24
9239 21
3247 17
9678 19
9226 18
2192 13
1392 21
656 10
3461 22
5020 14
6503 15
2534 12
9954 16
4002 16
6184 22
9341 18
7867 18
1904 16
4063 21
8297 21
9970 21
7944 25
6985 20
1064 14
696 19
2990 19
1704 13
6286 19
6236 23
5435 13
2150 17
4625 21
1938 22
4683 22
1891 22
5310 14
7852 19
4650 20
2070 14
9977 20
5302 23
2569 11
6085 22
9616 18
5426 14
4391 14
5902 13
1662 21
2124 16
7764 13
89 8
813 14
7370 15
5523 19
2962 14
8346 15
3812 21
3996 18
5702 14
9305 21
127 15
306 15
2116 11
5369 21
7417 18
821 21
2688 16
3648 17
6905 16
5375 20
8682 16
6117 16
343 12
8240 19
9632 12
6783 14
5404 19
7001 23
8658 20
4717 23
5346 24
2469 14
7541 21
8171 20
4368 11
7587 16
4649 12
1025 14
9702 19
1104 10
6393 12
3471 11
2183 16
7213 11
5830 21
469 11
7884 18
9151 16
352 12
5845 18
4943 15
6943 16
346 12
1285 16
5062 12
125 6
9533 21
8275 22
4492 19
7119 16
2924 22
3173 13
4027 13
8261 22
6643 13
6209 15
1825 17
9152 16
8390 13
8646 20
7796 17
3848 13
9992 11
790 13
2619 19
5379 16
7436 12
255 9
441 8
9428 13
4008 17
565 16
8960 22
8634 17
1409 12
2430 14
1557 11
6924 16
5602 17
1935 11
1536 14
2244 17
4495 18
3361 16
7748 13
2884 15
2006 16
1135 11
9421 22
6153 14
4873 13
3268 15
6144 12
9906 21
410 11
5115 14
5285 15
7845 16
2077 16
7272 11
5728 15
2641 21
2583 20
4362 19
4049 17
2270 15
7325 24
614 13
557 16
8860 21
5051 14
6957 13
4287 18
3081 12
9315 15
3326 21
3735 13
691 17
7932 22
6059 17
2933 13
8139 14
1925 15
4138 15
9150 16
1121 10
9650 12
9763 23
8509 21
8972 18
7081 17
7366 18
4009 13
370 10
7424 13
7090 19
9685 23
749 15
2666 12
836 11
9708 14
2465 19
2118 17
5397 21
321 11
256 11
7321 16
4458 16
2755 16
9646 14
9959 24
3876 18
9295 21
5552 17
4156 20
1397 19
8631 20
1236 13
3677 11
5996 12
1596 14
4046 13
3419 12
520 12
4054 14
1690 16
3761 15
4154 12
6473 13
5879 16
3223 24
7603 19
5241 21
9220 15
3913 17
8515 14
9986 17
7371 17
6002 21
257 13
5456 14
8120 14
3241 17
1890 15
7294 20
6345 15
1055 17
2817 12
6933 12
5961 21
9418 24
9915 16
4658 14
3828 20
6477 23
3646 14
165 5
2667 16
7899 23
9849 17
2923 17
4549 22
1126 15
1117 12
2668 16
4366 10
3006 21
7658 21
1660 16
2936 19
354 12
9066 21
3170 16
3358 17
5483 24
1767 21
9269 21
1749 14
2777 15
4400 14
1928 17
9253 17
2093 17
3100 14
711 11
6343 15
9985 17
5652 15
201 7
7463 14
8180 14
2477 12
6878 21
6191 16
5412 16
7231 18
8784 16
7605 22
8493 16
8587 15
5724 22
7761 11
335 14
8500 16
2263 11
707 12
7204 12
7049 12
9956 23
2171 14
2275 21
1950 22
4647 23
5504 20
6411 19
2734 12
9748 30
1546 19
38 5
4150 17
1111 15
4278 14
2662 14
9725 14
8382 15
5571 16
431 13
1937 16
9190 19
9145 20
6531 12
7846 17
2915 13
5053 15
6472 16
1216 17
9700 23
1975 18
2462 16
1060 14
1806 16
7673 23
1288 14
897 9
5135 22
1918 14
3559 15
4859 16
299 8
9129 23
5289 21
4670 17
9120 17
3377 13
166 10
2002 15
7574 18
9432 18
4045 13
647 13
2371 21
2706 8
5566 14
3431 10
4511 18
6680 18
6372 22
6319 15
704 12
7660 23
7216 18
5839 15
9577 17
774 14
697 14
6227 15
6254 17
4813 19
7275 15
1457 13
7440 12
9810 19
6872 19
6863 18
3870 20
6320 14
1086 9
7695 22
4127 14
8398 14
1468 15
7396 15
3622 14
1072 12
4786 19
1430 13
5679 16
2138 14
1239 13
9009 14
4453 18
2878 11
772 16
592 13
9453 25
2657 11
6890 20
6817 14
9301 17
4346 19
943 11
7699 16
5814 15
8637 24
8286 17
9561 16
3455 15
3183 21
879 18
9543 13
972 16
9998 18
1361 12
2210 15
494 11
6721 16
6205 13
9599 23
3786 15
3148 15
5403 16
6442 23
4755 12
2292 13
3258 18
407 12
2989 18
553 17
4457 13
5154 17
5541 21
4715 15
8664 15
7897 26
9873 22
8207 22
8568 22
5449 22
5530 17
4918 18
3161 16
7740 18
5411 21
1615 20
5832 15
4539 14
4763 15
7586 14
7333 20
5869 18
9877 16
2865 14
3846 15
8019 17
2530 12
2733 16
4733 16
957 12
2103 13
1900 16
6405 14
7633 13
5918 12
1724 11
2228 13
194 8
4334 21
9719 17
1308 17
8271 18
8147 24
345 10
2507 15
7363 12
4190 15
5942 18
1733 14
9928 19
4823 19
817 15
4660 20
8719 14
4149 18
5616 21
6049 17
8373 15
4806 16
642 10
2881 15
1444 16
9144 20
8061 24
9829 17
7779 16
9297 17
8099 13
9177 21
2597 17
1683 9
7624 15
8044 14
8798 24
5212 11
9357 22
9361 16
1325 18
1041 16
1761 14
5846 16
6690 19
2421 18
5833 11
3138 17
2013 16
111 5
8450 18
5234 22
2707 13
2679 11
6916 14
891 17
7060 19
5795 24
1503 13
9908 26
7984 13
2827 14
948 9
9744 13
8875 21
1916 15
8223 15
3140 20
4100 21
9901 21
6112 15
8629 28
6222 13
8928 19
6108 13
4460 22
7945 17
3556 21
1356 22
3627 15
3557 18
4001 18
6383 18
4948 22
1353 13
8093 16
2073 21
3977 12
380 16
1465 21
6440 19
9008 18
7423 10
9014 28
4966 17
4293 18
2237 14
9945 16
6857 14
7924 25
3571 13
413 10
1924 19
1533 15
3147 18
6871 15
9237 21
1108 16
1316 15
7661 14
3983 14
9225 21
1313 19
714 17
689 14
9721 15
4463 17
3117 13
5780 24
7410 15
2460 13
7909 17
5998 17
3614 21
6822 17
5865 17
1585 17
7397 29
3085 16
4807 18
2985 16
2474 20
646 16
1528 13
2808 13
3521 17
3296 20
9593 20
7724 20
6412 18
3503 19
3821 14
3264 20
6171 17
2112 10
3699 13
9162 12
7976 14
3637 23
7098 14
8257 12
1061 16
912 19
730 13
8792 22
9890 13
7927 23
7983 17
1278 16
5263 13
159 9
3423 20
6028 12
350 10
1542 16
471 12
8547 18
7058 21
9607 19
7664 12
3113 22
1942 13
9481 21
9333 22
4743 22
6414 16
9492 19
9859 14
9266 13
2738 22
8307 18
5917 18
802 7
2618 14
6659 13
1272 11
2956 17
6170 14
13 5
5776 13
8872 19
9791 23
3798 13
9089 15
8084 20
4893 18
2715 16
3617 14
8400 19
30 7
8517 16
4304 14
7156 13
1254 20
6371 25
5689 22
9381 16
1035 16
4996 12
1030 8
9573 16
4796 15
5474 12
3558 20
2950 16
7473 13
1349 8
6131 18
733 17
5591 25
1388 17
8604 13
2169 15
1327 15
3760 15
1146 14
9205 12
1736 16
2611 15
2455 9
9506 16
8454 18
2690 21
1992 12
6888 12
6244 17
9692 15
9370 11
6720 23
4380 11
6649 11
8824 26
7110 26
3708 21
9969 25
6314 24
8702 21
5841 17
4560 12
326 14
6186 18
9294 20
8781 20
8985 17
2934 12
9653 17
4999 17
1328 16
1886 16
4328 16
7061 24
5008 13
8035 13
7029 17
8051 18
903 14
3104 12
3095 12
7663 14
3740 16
4846 18
7989 14
4139 11
1553 10
8705 15
3124 18
839 16
6843 16
3986 26
8740 20
2223 12
6638 14
9283 17
1645 20
3236 20
2663 13
5670 17
9417 12
713 13
6572 21
8700 15
3817 19
2596 16
9758 17
3793 14
9683 23
7407 20
7266 24
8255 18
4108 13
6240 20
4462 17
9229 16
96 9
3418 22
2895 11
5818 16
7886 14
9991 21
1836 23
6833 24
4173 22
1594 12
6978 17
6344 16
7628 13
4909 16
2771 18
8718 17
8667 18
36 8
6166 15
5476 17
6376 22
4338 18
5658 13
6471 15
1563 9
5428 16
5581 18
4614 13
6626 17
8851 24
5393 17
4814 22
2036 18
9565 18
2759 13
9013 14
2260 16
273 14
5030 20
5455 21
5291 20
1417 15
2427 18
7808 17
8264 14
6565 14
91 7
7254 16
7187 19
7528 11
2767 21
5976 15
4521 22
8953 20
3695 19
6265 22
118 11
2876 22
1094 9
9613 19
1366 13
5823 13
5068 15
3008 14
7239 18
7494 13
816 9
1834 10
1945 14
6089 14
5207 14
2127 13
2768 16
9728 16
6462 13
5992 21
7549 16
8173 20
37 9
7355 15
8436 17
362 13
5301 14
1177 18
3880 10
4908 16
2176 16
6036 20
6220 22
8476 17
3682 19
6873 26
3262 16
9723 15
5753 19
4618 15
277 6
4255 15
1367 20
7961 25
7677 22
2822 15
8322 14
6055 23
8122 18
5851 24
758 8
7643 18
3002 14
1032 8
2470 13
1526 16
6151 11
4621 20
5912 11
1628 20
1831 9
8292 17
1161 9
2437 15
7534 23
397 10
1562 12
5349 14
1678 17
5065 20
2448 15
1541 16
8778 21
3973 20
4043 15
9750 19
1377 14
4321 20
7559 10
506 16
8965 18
9690 19
763 12
8407 13
1083 16
6417 24
9327 29
7687 15
1494 14
1004 13
2752 12
6917 20
5199 15
7163 17
5524 14
6913 18
3338 17
9478 14
2200 18
8870 18
919 13
8163 27
2165 15
4757 12
5111 17
3526 10
9373 18
2940 20
2629 20
7827 16
9949 17
1751 13
5106 13
6392 15
8591 23
9376 12
4788 11
8025 19
2640 16
8126 23
9487 16
5250 11
317 14
1014 9
3538 13
3842 24
2829 15
6470 17
3028 22
4153 10
648 10
477 9
8991 27
742 20
6093 21
5531 18
3485 13
6465 16
8427 17
5261 16
5561 18
8663 11
4252 22
8149 15
5853 12
5515 13
9390 22
4195 16
2218 9
1632 12
8885 12
6809 17
4415 23
8641 17
7067 19
3070 20
6389 17
15 3
4516 20
1725 14
2233 19
9287 20
9875 18
3302 12
8724 16
7938 16
4018 14
7609 29
7178 14
8375 19
7834 15
9254 11
8675 26
9 5
2873 20
8693 20
1380 8
7388 16
2402 19
7273 12
667 13
7741 18
1037 16
4530 21
8214 25
1360 18
3061 18
3499 12
1753 14
2094 21
886 16
9640 18
1550 12
4654 14
3276 19
7055 17
3383 16
641 9
6072 16
529 9
1965 18
2344 17
1865 17
2846 18
6909 16
5462 13
9308 21
9583 23
210 13
80 7
8097 10
8184 28
6543 21
4594 16
7824 18
5599 10
3934 15
2654 15
3669 11
2008 18
8725 17
8362 23
7106 19
1711 14
3524 16
929 13
9668 12
3375 13
445 11
385 11
8536 14
671 12
7648 16
4887 16
4280 17
3752 18
2698 13
4262 17
5337 14
5191 13
2870 17
8443 22
2324 12
7516 25
7837 21
3023 20
8508 15
7911 18
7484 21
4165 16
7349 23
1822 18
5130 22
3060 14
9409 21
589 15
6811 22
8401 20
3286 19
4083 12
556 11
8755 20
45 8
3217 20
7560 16
8206 18
7405 14
7637 15
1229 15
4450 15
690 15
1933 13
9655 15
4390 10
4784 17
5738 18
2678 17
5296 14
2315 22
8599 25
1217 8
7666 18
7613 16
5329 18
5173 12
4638 16
9161 10
1115 18
6901 16
3610 13
253 10
7590 15
5542 12
1980 17
5647 19
4690 26
8811 27
5233 16
3099 14
8786 11
528 16
5413 11
3737 12
8162 21
2647 15
8756 18
4215 14
6664 14
6369 18
5896 21
5782 11
4886 23
7053 20
6896 21
7014 19
2555 25
3406 17
7707 14
8201 19
8095 21
8128 12
3363 20
9679 16
1226 10
2149 16
6558 19
4097 21
1718 13
5573 10
9746 24
9385 19
6869 19
6641 16
3882 13
3788 12
9602 21
2788 12
3545 13
3661 11
7340 13
1639 15
1788 17
702 14
3013 17
9202 12
578 13
2354 18
3879 16
571 16
9451 17
8717 23
9267 21
2487 19
8277 18
6368 16
8417 16
5507 23
5237 18
9952 19
3376 12
9899 20
7620 17
9101 17
8198 19
538 14
6858 15
3102 16
9228 22
7428 12
1118 14
2497 15
8170 17
2754 16
7383 24
5276 20
5799 22
6852 13
4111 10
8440 13
8078 24
4062 18
8034 14
4554 16
7614 22
8158 20
7299 14
6526 21
4603 9
7099 18
3101 13
8042 18
5674 20
7768 18
2633 23
6648 17
6744 11
7316 18
1077 11
7157 16
9130 17
8832 16
4124 13
6033 20
2281 12
3331 13
3619 21
9891 16
8221 15
6404 15
204 8
3304 21
139 8
7743 21
9598 20
6620 17
5866 17
3935 17
25 5
5429 19
4260 14
1835 16
7056 19
3672 24
1518 16
7026 17
3563 19
7726 25
5247 18
4281 17
3269 18
7584 14
8290 20
4074 17
4240 18
6845 21
2404 14
6836 11
2710 19
6338 27
2084 21
2106 15
3000 17
2900 11
9743 24
6307 14
8062 18
3332 13
4930 22
5969 14
8199 20
7105 13
3553 18
5672 27
9633 23
2821 17
9884 12
8319 20
4673 18
1318 12
778 18
3924 20
5708 24
122 9
8132 14
3561 12
8491 21
8742 22
5789 24
3041 22
5693 16
9280 17
7592 20
9671 17
3576 18
6844 17
6494 16
5046 18
9364 24
3452 20
7375 27
1497 20
2992 14
2359 21
8086 17
283 12
5502 14
5172 16
8685 19
7802 12
549 11
5094 20
7260 15
9329 19
2975 10
2780 14
9468 20
6507 16
3979 19
8874 20
680 12
7978 15
8218 23
8348 22
8438 13
6585 19
3658 20
2172 10
811 13
856 15
7195 15
8640 13
8882 19
8488 17
8208 15
7675 24
6859 15
939 19
3539 20
5269 20
1756 15
2238 20
1956 10
4410 19
6746 13
994 9
403 14
5583 14
4098 14
2279 14
7769 19
7118 18
4737 12
3584 23
1565 17
5214 14
8423 27
1787 16
2312 17
7773 23
901 15
6080 17
7646 18
9982 19
6921 18
2922 20
5463 14
1018 20
5200 17
6700 18
4237 15
2153 12
8620 17
664 11
6927 19
7476 20
2450 19
5248 22
6491 16
6645 13
1300 12
4870 20
4572 21
1017 16
6684 23
1941 15
6266 17
4885 24
5097 18
8291 14
3864 13
8308 19
3898 14
2336 21
6740 13
2314 11
5764 16
5052 19
9092 17
6068 13
3668 12
1033 15
8636 18
3520 22
8900 20
1597 16
6633 21
1423 14
2475 12
4940 15
8511 24
5803 22
846 13
6490 16
9156 23
7728 23
7095 25
2248 15
2146 18
7692 13
4566 18
3201 19
4747 20
8642 16
6631 18
2656 15
9065 20
7519 16
1219 16
3110 13
8364 16
9042 18
9223 15
1883 22
3303 14
8977 19
1814 16
1902 9
7475 17
6420 13
8392 22
4693 21
4668 16
4663 17
596 11
7185 18
6043 21
1256 17
2601 12
3964 16
8774 16
3819 17
7073 18
7137 20
9213 15
9005 16
2366 12
818 16
619 18
7238 23
212 9
8282 14
1231 12
6584 18
645 8
7598 20
4479 13
9846 16
8015 22
6099 22
616 15
6226 19
786 11
9714 12
1947 19
2425 18
3797 13
220 10
1768 11
5357 13
8324 20
5461 19
3639 12
9554 22
2044 15
199 10
9641 19
4704 20
6607 14
2718 9
9058 15
5471 26
2877 15
3172 14
8205 20
9972 19
907 15
359 11
5319 22
5544 15
207 11
247 10
2396 12
9316 21
2819 12
8848 19
1775 11
8994 16
9029 20
9729 23
5962 14
7233 12
9500 13
6211 10
8381 19
6907 15
496 13
5299 20
1857 19
9048 12
8363 16
3585 14
8785 18
1469 17
6860 18
2179 20
497 12
7730 18
4298 13
6011 17
6132 11
2859 16
4933 21
4792 14
2342 16
9705 13
2078 17
975 12
7771 15
267 11
8124 15
8432 22
5761 21
2730 16
1861 12
4986 16
5092 18
2433 19
7224 18
28 8
7553 17
8721 19
6289 11
1598 15
8367 26
5713 19
1912 14
6687 17
2306 16
402 11
429 14
1737 20
9358 19
1218 18
7526 22
9557 20
7068 22
4994 17
7394 15
3198 7
3076 22
7421 11
2494 15
7291 13
7270 22
8109 24
3003 18
6041 17
2326 15
9346 22
9107 16
1082 16
9185 15
1647 22
1899 18
7807 12
1665 17
7912 19
1684 12
8317 20
4177 16
5731 24
1447 14
6168 22
2540 20
1125 11
2159 18
7522 18
8096 26
8011 21
8328 23
2274 18
9542 18
515 12
8955 17
8134 13
2269 19
9580 19
8665 23
7327 17
3598 20
4895 14
6771 17
2809 16
1026 14
3530 14
7384 21
193 14
5405 17
1746 16
8521 20
9524 20
4020 23
6391 17
4329 13
1697 11
892 15
8394 20
2031 20
8803 13
7880 11
603 11
7040 13
2951 17
3722 20
2062 13
6480 14
5797 18
6673 19
6434 16
7543 21
1545 14
7914 23
9606 20
2242 19
5472 18
9448 19
8335 17
6505 24
3210 20
7776 16
5984 14
2012 9
7849 21
4398 14
4844 15
8879 25
7868 18
1664 10
4088 12
8353 22
9024 15
6946 24
9950 18
5772 19
8001 21
1773 18
7448 14
9275 18
9938 17
3953 12
8836 20
9000 22
8816 16
6665 24
5733 17
8399 18
5926 14
6366 18
5677 21
235 11
4718 14
9258 21
7346 16
9664 13
9119 19
3463 16
3767 14
9932 22
2700 18
8932 19
7892 22
3623 12
2351 18
9845 26
4628 7
993 18
5028 16
638 11
3726 14
9232 20
2018 20
9741 19
5002 24
3203 19
9446 18
9377 12
3327 17
1776 15
7570 20
9016 15
4740 13
3628 16
4608 16
4418 18
1952 22
2162 12
4014 22
4048 21
9631 18
4804 14
4332 14
9805 15
3386 13
3777 20
6707 18
3759 15
4834 24
1794 18
5422 13
1907 16
6381 11
5932 19
8068 19
8698 15
8492 12
298 12
5101 19
2971 13
2453 17
1257 9
2708 19
8041 10
9414 20
8151 23
4247 13
2602 18
7182 10
4395 13
4857 21
6715 19
6574 20
7232 14
437 12
5929 19
3299 20
7086 16
7772 14
8538 14
225 10
9795 16
7097 12
7835 26
6510 11
7594 20
2337 11
6547 17
1474 9
356 10
8713 19
8188 13
3281 21
5944 17
70 11
7155 18
9643 16
6768 14
1839 10
3991 24
6446 18
7451 24
6637 20
3568 13
6294 18
6450 22
5041 16
3001 18
5162 16
6282 11
5278 17
6351 15
2032 17
1674 10
2058 17
4383 16
7387 14
3187 16
3235 22
3529 18
9680 19
8123 16
9023 18
9070 22
5660 18
8216 15
1715 15
9609 18
4716 18
9188 21
997 20
1078 14
9461 24
3555 19
9544 19
2842 17
6258 17
3588 18
7855 19
9866 20
9943 10
4372 13
8326 13
5907 15
6485 10
39 7
2674 18
1846 14
2217 21
3043 23
1298 10
9996 16
7555 25
4676 17
722 12
2531 12
8801 17
6502 19
873 8
7074 20
4645 21
5372 26
6086 17
9097 15
8344 15
6287 22
1871 18
169 7
4913 18
1208 12
6379 16
1784 16
3872 11
4314 16
7077 15
374 7
3167 9
261 12
5709 17
2957 18
3994 15
9244 21
2317 20
4555 24
4212 14
5477 18
7599 23
7286 15
2227 17
5034 16
7882 15
4447 14
1832 18
8444 14
9299 22
4152 14
1939 13
2503 13
5650 22
7979 18
2533 11
6915 16
9818 18
1282 13
4575 21
7326 19
229 10
5208 19
7113 18
4452 15
835 15
9699 17
6834 16
4274 14
492 12
8470 22
4044 22
7031 15
5384 18
3017 15
966 16
1194 13
5732 18
9148 8
1951 16
9122 15
4379 22
6504 16
7311 14
6203 14
1584 18
8473 22
6250 19
8868 19
3280 15
5259 13
6479 21
607 14
7004 19
2735 18
8142 13
8209 16
5334 15
4826 13
9712 14
1330 11
7986 22
4427 18
812 13
9310 17
9762 14
5420 22
9512 13
5985 17
8506 17
1509 14
6647 13
9717 12
6651 19
3093 24
2724 23
8242 20
5783 18
3877 11
8140 19
9452 18
6889 16
8226 17
6723 18
1410 14
5741 19
6830 19
8884 21
6660 18
8853 11
6457 19
9081 22
8833 15
9217 20
5953 18
2841 14
3245 18
4586 16
2977 16
6051 22
5176 19
3519 14
7269 15
9347 22
3928 17
360 10
9579 27
4243 14
963 13
8054 23
4852 21
6357 11
8783 19
9467 17
8797 13
20 7
7910 16
6070 20
353 14
2143 17
8341 12
7262 17
5503 19
4787 26
9911 21
9558 19
5990 18
1049 17
2697 7
3459 19
8889 19
2045 21
9397 13
4448 8
9951 14
5383 21
1089 12
1646 15
5171 17
1174 11
7437 27
8485 17
27 7
9555 23
8535 19
9479 21
3652 16
4105 18
8159 22
8553 14
2969 18
2268 16
4855 16
1529 18
5943 15
3051 10
9372 18
487 12
7034 22
8971 16
2872 16
5350 14
7296 16
4828 11
6661 17
9546 12
5927 19
9856 17
3590 16
222 16
367 15
9980 20
8247 15
5922 20
1297 17
6988 15
3244 10
3634 12
7411 25
3337 20
9387 24
3278 14
5099 21
224 7
6341 17
2476 16
3482 12
9670 19
2913 13
8966 31
2675 16
8497 10
8433 17
7552 15
7883 17
8063 15
2651 15
3659 18
5791 12
5145 12
3886 16
9429 25
693 10
226 12
8256 17
7863 21
2376 15
3635 14
6513 15
9146 16
3937 17
8197 15
4202 17
3514 20
3228 14
6712 21
779 15
9902 26
9007 12
2091 18
1027 13
3042 21
7797 17
175 9
1740 14
463 16
9936 17
1016 14
9802 14
8234 22
1811 12
8055 24
4802 13
6635 28
3808 11
4946 15
8462 22
7988 18
3703 17
9757 19
2579 10
87 9
7623 25
670 14
4437 12
6958 20
9516 22
5453 22
6759 14
8569 23
5870 24
9184 23
5314 13
1785 15
1422 12
5584 17
6630 14
1508 19
3995 21
609 14
584 10
7367 17
4684 18
5493 17
2287 11
3728 15
6561 17
5262 21
8843 19
591 9
4810 20
8235 21
6127 15
5784 23
124 10
7449 18
377 9
1352 16
1445 17
5064 18
2028 21
2988 16
5633 15
8329 19
2575 16
3139 12
6163 12
2723 13
447 13
5703 12
8592 18
962 15
9765 17
7992 16
8145 16
5487 22
8475 19
7997 19
4374 12
2202 17
9981 21
9055 22
8908 17
8545 17
6291 25
3960 13
170 15
527 15
2892 22
7542 25
5508 14
2211 18
9768 22
2041 16
8542 19
6867 16
7593 20
2967 14
5304 17
3096 24
4211 14
1712 15
956 18
9941 17
3902 20
8143 22
3650 6
5661 15
5273 17
5718 16
7689 17
177 10
1670 12
3175 15
6855 11
9471 22
788 14
5763 18
1042 12
5525 16
7972 17
8990 17
5095 20
1003 16
4489 19
4557 15
3425 15
8597 20
3601 17
7765 13
7941 14
3127 13
2088 10
8625 12
5765 14
8005 11
7320 20
9882 13
1643 16
5407 19
3089 15
3149 16
1860 16
2701 12
940 15
9303 24
683 14
7900 20
6078 15
4799 16
2119 15
5014 24
2025 17
996 10
7583 19
1906 13
6081 24
3665 14
3938 14
968 8
270 14
5467 23
3454 12
7896 23
4604 14
4636 16
8114 26
7221 21
430 15
8891 21
5598 17
7777 15
7503 19
3118 14
4486 15
5486 20
4976 10
293 9
8894 19
5849 10
3498 12
2560 16
7991 15
8133 15
1238 14
3773 12
4764 16
361 12
8191 16
8913 17
460 11
7933 12
5473 11
5945 25
9691 19
1506 17
3706 10
2082 13
3594 22
6566 28
1136 9
7803 24
2050 15
5899 20
7416 19
7968 16
5607 15
3178 20
6880 16
5406 14
4911 18
6735 13
9636 18
292 18
3265 16
1122 14
1471 13
8567 18
1093 17
3565 18
9369 12
6757 22
3540 13
1538 13
3496 23
2544 10
8901 21
3806 9
540 12
1714 15
3804 13
8472 24
3782 12
9753 18
3367 13
781 13
7197 18
4345 22
2917 17
4891 20
687 16
1955 12
2224 20
7365 15
3462 14
5719 21
9909 25
8200 21
971 12
8343 17
4409 13
6814 18
3656 21
3108 15
1790 11
4569 16
8986 19
1903 11
7328 22
9282 19
2743 13
9789 16
3923 16
115 8
8617 8
1154 19
8563 15
6840 20
4890 18
2352 17
1363 11
6920 20
319 11
4573 14
2185 22
8573 16
9025 15
5864 17
1475 10
1290 12
1012 18
1807 15
2893 16
2205 16
7094 22
3222 14
4809 23
1110 13
1477 14
2584 15
2973 11
3873 19
9838 16
8388 19
5933 17
983 15
2232 17
4875 22
1385 14
2445 11
485 8
428 12
7778 22
1144 13
6097 15
8942 17
2286 9
6110 24
109 9
803 13
8403 17
4951 12
9788 18
6964 17
4602 20
9732 18
5989 15
6769 20
7218 18
8732 19
3255 23
4713 17
3654 19
2199 19
3574 19
5480 14
7122 17
7102 19
4277 9
1856 12
7995 17
9905 18
4071 15
329 12
3814 13
4768 22
3582 18
3188 21
4678 14
4164 17
7602 20
3153 13
8067 16
6627 16
639 15
8010 20
1370 10
3052 17
9039 15
2035 21
8849 17
3314 20
9552 21
3822 20
4851 18
2485 13
86 7
960 14
9518 17
2578 11
6509 15
6008 22
2849 17
7323 24
9060 15
1281 14
3992 11
4637 13
4867 22
4302 15
3649 17
205 12
7798 25
706 11
2648 15
806 10
8513 22
9472 19
6761 20
9621 13
8249 14
5629 22
7450 18
1606 22
8730 10
5597 21
5489 24
4748 17
9143 15
3119 13
7443 17
7936 22
8148 18
2483 19
9639 23
493 13
3922 11
7942 22
5527 17
2719 18
3736 16
1296 19
5837 16
3350 18
8738 19
9457 12
3237 16
6378 16
6248 23
2361 17
5083 22
4170 19
7906 14
8463 22
7258 17
8886 18
1604 17
8963 22
9044 19
4053 15
3249 23
9889 25
1323 13
7301 21
9578 22
8648 21
1280 12
9117 19
6230 16
1075 9
3897 21
8178 20
2860 17
1969 17
5217 24
5195 15
6904 14
4189 15
3144 15
9848 20
3500 19
2283 16
7136 24
9914 17
5382 18
1880 13
7751 26
6456 18
9576 26
4988 19
4249 16
8251 23
5817 23
3284 13
9115 23
9704 23
9263 17
8580 23
862 15
1166 15
3858 15
6816 12
5035 14
6157 12
8695 22
9137 18
4892 13
5665 14
2981 11
412 11
7833 18
8270 27
3816 22
2033 10
3079 22
7289 16
3449 16
7826 21
4953 21
1621 15
8692 21
6668 13
6426 21
7490 21
1317 14
649 11
5445 21
9635 23
119 9
3954 22
6380 19
7013 22
7128 21
4923 16
470 18
2081 12
2896 17
5514 22
9694 19
5967 18
3404 10
9407 19
2174 13
7548 15
684 15
7952 25
9892 16
2451 15
4480 12
5930 28
7636 13
531 14
7551 12
9869 15
6200 23
7780 23
4803 19
1685 14
988 18
8150 22
7650 12
4025 21
8505 20
391 11
6023 12
4294 18
514 12
5018 15
4017 19
624 15
2542 15
2095 9
9780 16
4595 14
6596 18
5033 18
952 11
4246 23
178 8
4977 17
9833 17
3527 12
5901 16
4719 16
7331 11
9736 16
6881 17
2204 9
4313 14
6508 20
753 9
7971 21
3583 18
536 13
9302 17
254 13
272 9
6182 15
7953 15
6983 13
2553 14
8448 16
3218 15
1253 13
8360 23
6944 11
5490 19
1971 21
6123 13
239 10
5711 20
6057 22
157 12
5855 16
2862 21
612 8
3133 19
2348 17
6467 22
5698 15
8855 23
1266 10
9625 18
3402 15
843 14
3340 16
9165 21
4616 17
1640 21
2563 14
3688 13
474 12
1085 19
2043 16
581 12
2499 18
6278 16
9597 21
3765 16
1544 16
6823 17
5809 20
6936 11
5500 17
2452 21
8559 23
5572 14
2397 19
7404 19
4067 15
6540 14
8950 19
6691 17
6136 17
8543 15
8807 20
4351 21
9850 26
4545 23
262 16
2948 22
209 9
2882 17
7727 18
26 7
9858 17
2435 12
271 13
8975 16
9898 21
3313 20
1462 17
8964 20
4250 13
4 4
4354 18
6215 16
3713 13
555 13
759 12
9854 17
1575 19
808 19
992 18
7445 16
3073 9
85 8
5205 20
6667 15
8945 14
7257 13
3022 20
3066 15
5618 13
4282 11
9657 20
2713 14
5977 15
7222 14
3320 16
8808 22
7249 13
8892 18
5219 18
522 9
8186 14
4845 15
5609 16
9141 17
449 13
4182 17
436 13
1454 14
2661 20
7904 16
7506 14
9099 21
3 3
3636 18
7438 15
2744 21
6923 16
2415 16
1569 11
620 12
7378 16
4783 19
6001 18
3428 19
9375 17
7665 19
1921 9
899 16
1401 19
9997 21
1262 10
9984 15
1786 14
1344 15
7422 17
9462 21
819 13
81 12
7585 14
2590 11
328 10
7974 17
6606 13
2401 12
686 8
6279 20
3936 17
84 6
5377 19
7709 13
964 12
4756 14
144 9
570 10
7002 14
9483 14
4587 11
8081 21
7176 18
8499 18
2307 14
5492 12
6407 11
3791 18
7993 26
755 14
1190 13
6576 15
3134 14
2431 17
1350 13
5587 13
9564 19
5069 15
4019 15
3150 21
7546 22
5555 13
1326 13
4970 12
3227 21
9868 11
2195 12
9881 18
409 12
4949 25
7153 18
5 2
8474 22
5897 19
7497 22
5657 18
5729 22
537 11
932 14
4831 15
7374 19
4711 25
5920 18
9731 21
3917 20
3169 19
79 11
9885 15
4639 18
8806 23
6024 19
7069 19
3720 16
2725 15
6137 16
7319 23
8759 23
4080 11
8195 21
723 12
1884 11
7205 10
608 11
651 13
1844 15
6674 16
5264 17
6545 15
5793 16
8281 17
3005 18
6135 17
4721 15
6518 13
8323 14
2791 15
6559 17
3605 15
9806 18
6779 16
3548 19
1867 9
9153 20
7607 18
3131 10
2061 16
4204 14
6563 24
9476 17
4147 17
7708 21
6347 25
269 17
6253 17
425 9
6208 16
4888 15
4620 15
9091 12
5569 22
7324 16
9243 21
829 15
7246 17
3189 12
7179 17
9809 18
2591 14
6197 25
1602 12
9403 25
1932 14
2311 16
6828 12
719 14
2887 10
4514 23
5513 18
90 13
498 14
3843 20
2139 14
7072 19
2580 12
4347 21
7885 26
1872 7
3849 20
237 9
6980 20
1051 8
9926 13
9113 17
5059 15
7639 16
7848 19
7520 13
5109 17
1713 12
8338 14
9513 20
3717 15
2514 18
2838 18
2236 16
5717 22
599 10
9688 15
8961 16
2952 15
1148 12
7063 19
9082 25
9707 16
770 12
838 16
8409 16
4028 12
6710 15
6195 8
8263 15
5465 19
7420 14
2085 19
5389 23
4692 21
8871 25
5414 18
2879 15
9393 12
6102 23
9022 20
2524 11
4066 15
4997 13
1537 14
9167 11
7946 20
3513 22
6277 15
286 12
4669 13
9171 19
3899 15
7713 20
3815 10
1187 17
7025 10
8984 26
9425 17
5454 21
7313 12
626 10
5258 17
6061 17
6959 16
3398 18
5366 18
1334 15
5767 18
4284 18
1141 11
1269 9
8987 14
4955 12
6579 16
4881 9
2303 15
8278 26
2011 18
7537 16
1307 17
9590 15
9620 23
7295 14
4438 17
5626 18
878 12
6295 16
3154 16
3956 17
2638 22
8723 17
3951 18
9807 26
8869 16
55 4
4373 21
315 13
5202 16
3234 16
2519 12
677 10
4157 12
3357 17
8978 21
1499 12
7341 22
7362 11
7830 27
6231 16
1949 10
8771 18
2516 11
1019 20
9493 20
9710 15
6362 21
2464 19
3390 21
3572 17
760 13
8071 20
2065 14
3098 23
4295 15
467 14
1130 16
435 10
622 14
381 17
3335 14
6745 13
3841 23
296 7
9389 13
5676 19
505 11
3603 14
2890 15
8039 20
5012 20
5825 20
8347 12
8668 21
5071 14
4483 15
2782 24
7458 13
6593 12
8446 19
5874 23
2783 20
1812 20
6850 16
6883 24
3466 16
22 6
1183 8
9673 15
3251 21
8118 17
9124 20
2156 10
3215 12
849 11
5358 15
281 9
1641 17
7264 23
7487 11
2612 12
3692 19
7292 14
2556 18
8141 10
7293 24
1613 10
1185 13
9605 18
1455 14
4910 13
9215 16
5988 14
3780 19
2020 14
3965 14
3352 23
1258 13
9075 7
4964 18
259 15
921 18
842 13
2048 21
1988 9
7838 16
9292 14
3036 23
6815 24
2136 15
9797 11
6100 21
7977 23
7357 18
1432 16
2060 17
7039 16
6264 23
8413 19
9368 22
1449 20
4750 22
9408 21
5494 11
5342 13
9135 14
9154 19
7759 22
1213 11
7151 17
4798 15
7075 14
3999 15
1625 10
9718 16
8370 23
4829 13
4129 19
9444 13
7207 17
2899 15
7368 12
8241 11
2854 16
1669 12
1762 19
1289 15
233 8
5786 14
5201 16
8273 16
8582 21
5854 14
2994 13
7123 17
5163 17
344 16
4936 16
6604 12
461 19
1708 16
6246 19
8356 18
7610 15
7459 15
331 8
2241 13
7403 25
1766 21
1840 19
6701 21
8020 15
6719 17
8464 20
7783 19
171 8
8527 20
2406 12
1507 14
7480 20
7057 19
2963 14
3184 18
3279 12
9979 25
6305 13
1566 9
1372 19
9424 14
8622 23
4125 13
7087 12
3493 11
7601 23
6296 15
7625 14
5325 21
7461 14
3946 21
1720 16
304 12
4422 13
9388 18
2539 23
8131 17
1007 12
7515 22
6571 19
851 16
674 15
9187 14
894 8
7821 20
5421 16
745 18
2845 18
984 11
8584 20
3324 16
383 10
728 15
1329 12
2543 13
865 16
5265 14
685 10
8254 19
9379 20
5778 18
5175 17
7159 14
313 13
6535 16
349 12
4470 24
8607 20
1149 18
915 9
9116 21
5659 18
3912 21
5878 15
5460 20
2762 11
6625 13
5177 19
2428 17
3341 19
1842 18
7302 15
9751 14
1197 16
6095 11
8245 14
949 11
4841 14
4544 21
5759 25
5881 15
1277 20
2488 16
8551 23
9350 18
4646 12
5645 12
867 16
7460 11
6775 10
5410 13
9661 20
1802 15
4103 21
387 12
5306 17
98 9
8562 16
5244 17
807 13
3207 15
4449 13
2154 17
2249 14
4782 16
4176 14
3334 22
1686 10
3721 12
3510 21
7654 21
8239 20
4055 24
5169 7
502 18
5254 19
9851 18
4264 10
7890 15
5320 17
8194 17
2996 15
7005 13
8266 19
8662 19
2716 16
434 13
1954 20
6284 11
3856 23
3084 19
4012 19
9142 17
9921 16
186 13
9482 9
5146 18
3807 18
422 12
4556 15
6729 25
8190 26
4729 13
3683 18
4805 12
7139 15
4142 12
3674 18
6062 19
6373 27
8959 18
2194 15
6749 18
893 9
7621 18
2349 10
3607 24
3238 20
2658 15
6331 12
8745 17
8049 17
347 9
2696 13
6048 24
6941 18
4708 14
913 10
4632 20
7580 20
6336 15
7169 17
1676 14
4082 22
6772 14
7170 16
7676 16
3883 13
7554 23
8232 18
1493 19
7140 17
4592 14
3697 16
2787 15
8280 16
8684 22
5216 11
9335 17
2535 14
766 14
9073 26
1972 19
8979 18
2676 13
3031 19
9431 17
4399 20
7662 21
2894 21
4762 20
263 17
8703 11
4389 12
4858 10
8650 28
8865 19
870 16
519 12
8402 15
3297 19
4917 15
7763 15
6375 17
750 19
5941 25
3794 16
6825 17
2671 20
9913 15
3779 20
3487 13
4838 15
2814 16
9189 23
9715 26
9946 19
1759 20
8583 15
9067 16
6756 20
8298 14
6009 12
1010 15
9999 11
1331 16
4116 16
8072 19
6486 16
107 13
6484 20
8826 13
9195 13
1348 16
9836 22
3547 14
4426 13
3971 13
5699 15
8537 19
8809 17
8939 16
4983 19
7082 24
6330 22
8391 18
9454 24
3349 13
1705 16
4697 10
2027 21
6662 15
5253 16
6397 21
4386 14
9245 12
6455 13
9782 13
9927 15
8654 15
3252 11
8735 17
6695 17
6675 13
6399 19
3474 14
5627 20
3824 12
8734 16
2945 14
54 10
5925 13
6188 16
931 10
9439 19
8303 27
7200 15
4779 17
9319 15
8252 22
9495 23
1696 21
4596 14
941 14
8627 17
7872 22
9323 20
7869 18
7303 19
3531 15
5605 16
6499 12
8791 16
2170 20
4987 12
322 15
7189 19
8657 19
8845 17
5949 18
9647 16
5373 19
6803 23
2508 14
2389 14
4464 21
5239 10
1198 15
2482 16
9155 14
7680 13
3374 17
2689 14
4847 10
5748 14
1470 18
9371 25
9689 16
2052 8
8230 22
792 11
2693 15
3890 10
6763 15
6149 19
4443 18
8471 17
7162 18
4031 22
7573 20
5318 14
507 12
1658 9
6766 25
8838 18
4961 21
3136 13
6760 22
7391 19
7024 17
7985 18
3517 10
9860 16
9128 22
958 12
9574 15
5235 13
4387 21
4722 22
4075 19
9526 30
3653 12
8272 17
3009 16
206 12
2765 17
6306 26
9994 17
4515 18
5752 16
4213 22
5621 15
9405 18
244 10
2319 13
1633 9
4167 22
5399 17
1568 14
814 19
2467 12
2776 17
4052 24
5271 14
357 10
6130 11
8103 17
8539 21
3479 17
1398 18
418 17
9088 15
2745 22
2536 18
6842 13
4944 13
3290 15
9463 17
5802 17
64 5
8638 21
4534 15
10 5
1573 19
5245 15
5042 24
883 15
4070 19
7618 22
7359 17
6534 14
3416 22
3940 23
2966 11
1797 15
2489 20
6551 17
535 10
6994 25
9745 13
6614 19
9508 22
1554 16
9703 14
7861 18
9200 22
1170 15
6443 18
4624 21
659 15
3778 15
3064 18
1193 16
1044 13
4960 17
9290 19
1333 14
7413 15
7563 18
3477 12
1103 12
1066 14
4843 15
9306 18
1452 15
9198 23
3830 17
8558 20
308 9
2753 18
4681 19
8989 14
2135 15
3896 16
2511 15
5134 14
4752 13
1793 14
2251 10
1870 13
3657 17
2902 21
8998 17
5036 13
8484 15
2747 15
7482 15
6862 15
6190 25
5260 19
1242 10
8330 17
3339 14
1987 13
7251 18
4171 25
1276 18
9596 19
7456 20
3426 12
6554 22
7795 14
9770 16
5666 14
9459 16
7351 18
9268 15
2051 16
8334 23
3438 21
7629 23
2252 17
1028 10
4728 21
1798 11
6515 14
2134 15
1923 11
5688 21
4736 19
5903 14
6064 11
4306 14
4326 15
6578 15
2254 18
6214 15
274 11
3505 20
720 11
5427 19
567 14
7154 18
7811 22
3962 12
5211 21
3715 20
1707 20
5715 17
4221 12
5592 12
875 11
9046 20
7389 18
8354 12
6374 21
2526 15
6488 21
5954 21
4880 20
4869 19
8736 17
9727 20
3947 23
5307 15
9002 18
7372 17
8565 14
5160 25
2305 10
9865 21
4931 16
6827 16
1418 9
4324 15
3059 21
9158 22
9771 18
9057 23
1591 18
3967 12
1710 13
4064 20
7839 19
4413 14
2355 18
1789 10
8478 15
3354 17
3243 18
2104 11
6430 21
9975 21
739 15
9864 21
3094 16
587 10
7706 24
855 8
2600 13
1723 16
2520 11
3615 20
9783 21
2886 10
4667 14
9343 15
9801 19
2660 9
6360 13
392 15
2727 16
8600 24
4853 15
3359 14
4820 17
7606 17
3711 12
2949 16
3311 20
172 13
5935 15
6592 22
5156 16
4397 12
2761 17
6249 23
9559 28
6498 16
864 13
5871 27
1679 12
1205 22
8422 15
140 13
3494 10
446 12
6106 15
5001 20
8089 23
197 9
2071 13
2123 19
3429 15
4132 15
5345 9
8262 16
2901 18
4872 19
5824 16
3261 18
5606 23
2551 17
1845 14
3437 18
3523 20
8683 18
8686 23
4288 13
131 8
7337 21
7181 13
5971 19
187 12
6260 18
9216 23
4029 16
2728 15
8386 19
427 11
163 15
9109 14
6681 19
9995 24
6658 25
6235 19
3239 18
5562 10
8359 13
8931 27
8739 18
3678 12
7202 10
358 13
404 13
8779 19
6960 15
258 11
9422 26
6439 18
5149 23
2802 15
8085 17
3920 20
3322 20
8466 20
6533 20
7975 17
246 12
5409 19
869 15
5743 13
1560 17
1516 12
1324 20
8754 15
9032 16
2353 14
5557 11
6650 22
9587 16
2247 18
3796 13
448 10
2868 15
3537 17
4520 18
3551 18
1521 9
640 12
9738 15
3832 18
1892 9
3988 20
8814 18
9312 11
2587 19
8405 11
2446 16
1492 15
9227 20
6281 17
1482 18
6618 12
333 12
7920 15
673 10
3259 16
6311 20
630 14
2040 20
1043 15
2256 15
9006 21
7206 26
5521 16
7021 19
4089 15
5770 15
1 1
2478 19
7425 24
4819 14
1909 13
3501 12
7203 22
3417 19
4484 14
6193 19
1250 10
8944 13
1763 15
8522 18
7902 19
4959 16
161 11
3143 16
6598 21
9132 14
5441 18
4973 24
5396 17
3294 20
896 10
5684 25
877 11
8628 21
530 9
7634 16
2492 21
3785 19
5027 17
6464 18
8050 19
1549 11
9964 19
97 9
2325 11
8228 21
2515 11
3893 21
3026 8
243 11
944 14
9050 22
8577 21
8384 20
8480 19
7925 16
2561 14
9541 13
7036 21
2566 14
7279 19
8645 21
8490 14
5215 17
3273 17
5501 15
5091 24
9411 25
8708 15
6447 17
4640 16
3329 21
548 13
1514 17
545 15
5994 15
388 15
5228 17
208 11
9240 20
3246 15
8113 17
9247 15
6233 18
167 8
9256 19
1279 16
3518 24
4863 21
9203 22
2659 14
5533 14
6511 22
2920 20
7259 13
4248 18
9603 16
9061 14
6709 9
4674 14
6141 15
6525 18
10000 16
6115 18
5798 9
2140 19
6708 21
2226 11
6906 25
6363 19
9125 16
4126 18
6853 18
1926 12
9246 23
5187 15
2554 21
3208 14
2332 18
3766 16
3949 12
618 14
213 9
7329 26
5198 20
4219 18
4444 13
5695 22
8706 21
7470 20
8951 18
3926 21
8125 15
8087 26
6808 23
5074 20
2861 19
1067 9
1395 13
5182 17
100 5
3420 12
6677 16
1107 18
7717 13
7994 12
3209 22
773 8
8021 21
7084 15
4502 17
7168 20
8626 16
5113 13
6325 16
5886 15
2857 17
395 18
1167 11
5940 23
3573 13
694 19
2997 19
4744 22
3305 12
7907 19
4377 16
4653 14
3894 15
8110 21
8728 14
7825 20
1561 14
9436 21
2285 14
5341 16
6427 18
6084 12
747 12
3447 16
6812 16
1241 12
3799 25
5590 18
5139 13
1152 19
2649 16
1286 16
1675 21
1587 16
3943 21
1535 21
3132 10
4612 18
3021 14
8410 17
8610 26
8130 14
2383 20
5928 15
3054 13
978 15
2301 19
214 11
5240 12
4695 14
3748 21
8243 12
6418 25
8804 17
153 12
5434 21
366 13
8898 24
6238 18
9669 19
7198 18
3616 20
9080 21
2330 19
9681 14
4078 16
7801 17
9511 19
4694 11
6655 14
6 3
5923 13
6984 12
676 11
7115 19
9883 19
740 12
6908 21
5960 19
9182 18
2847 12
7705 21
8155 24
8002 24
9989 21
6322 23
8846 18
4749 12
7174 16
4992 24
1305 9
4754 16
5848 20
5047 16
7006 17
3048 17
6726 22
7050 14
8265 13
6453 13
3293 10
4342 19
1981 16
6326 14
6105 16
4585 12
4878 21
3483 18
4811 23
9935 25
1054 14
5762 13
561 10
7655 22
9179 18
4915 14
8758 23
636 15
452 8
637 15
7171 24
2090 12
1230 13
7533 23
3867 10
5236 20
5133 15
6140 22
5517 20
5779 16
783 14
7737 21
1484 13
7956 22
9440 19
7881 17
885 13
9317 19
4512 16
3900 18
1495 17
9249 28
2843 14
9790 15
3097 20
1668 9
4862 20
4123 14
4178 13
4401 13
6167 16
4691 9
9978 14
8337 11
8393 19
9222 23
8722 15
1200 13
3397 14
8325 15
6273 15
9348 14
5044 12
4050 13
4938 15
4916 23
5123 11
8589 18
8434 12
2634 22
5986 15
4310 27
8529 23
4412 15
1866 13
7626 12
6939 10
7158 23
2152 11
1648 17
4119 16
6487 17
3624 17
5223 22
8752 13
4392 20
2807 14
9264 20
2456 8
721 11
1655 13
499 11
2837 18
9489 18
1021 13
6125 17
1306 15
8269 21
464 12
1877 20
9193 28
1479 21
6198 16
7919 17
9711 25
6395 17
104 10
4488 23
5586 21
6263 23
5316 12
9937 19
3687 20
7561 22
142 8
2652 17
3405 19
9922 15
5072 15
3182 13
6352 14
6556 22
8310 25
6679 15
4305 18
4022 17
2173 14
3275 19
4699 14
8866 20
7969 11
6789 17
5232 18
3088 16
5103 14
4611 21
2598 12
1876 18
7059 19
3857 10
1047 13
5634 17
3159 16
3915 18
276 10
9722 19
1978 15
5419 15
7731 14
5834 17
1343 17
421 12
1199 13
1868 14
937 15
6066 19
4217 25
8787 24
9181 18
450 8
2577 12
6386 13
3718 19
9740 24
6032 23
8196 22
5794 10
4341 18
1172 12
6704 20
9281 18
6849 22
5578 23
7723 19
7857 26
8182 20
7785 19
5440 20
7959 18
6885 15
4086 17
1654 18
1809 12
7433 18
8540 16
6819 18
8753 20
117 9
2826 22
1052 11
4552 10
5804 14
3497 11
1657 15
2512 16
9796 27
6517 19
5417 12
8887 14
824 10
2207 22
5615 10
2365 13
1228 15
4265 17
7281 24
8127 20
9172 16
7596 24
9895 16
1957 16
2391 11
7784 21
7999 11
1804 10
9686 24
7712 16
465 17
4416 14
961 12
2888 18
6537 16
4079 15
3982 21
3478 17
4559 14
8007 19
853 7
3071 19
3731 18
9178 17
1810 13
1489 14
1548 17
8697 16
2756 16
1293 13
4854 12
8947 22
1551 14
3684 22
5279 21
4337 20
7793 13
7901 15
5140 21
4155 12
3612 20
7107 16
7015 21
918 21
336 9
1616 15
1426 15
7688 17
6603 18
9261 12
6884 25
6432 12
2941 14
908 13
3930 22
9059 16
6067 19
4160 21
2166 15
7955 17
6300 18
7208 16
4109 22
4922 16
2409 15
2296 19
5619 19
5567 18
433 14
1224 16
7390 17
217 10
1661 14
3776 20
6582 20
6192 17
7715 15
8451 12
2329 13
7672 21
6777 21
9121 22
1634 17
650 15
1532 16
7240 13
3379 19
9756 23
7659 14
3655 20
7354 18
5790 15
5955 15
475 6
8644 18
8004 20
2830 9
7524 15
6536 13
7018 15
5506 13
8094 17
8976 18
5351 23
880 13
3125 12
3460 19
859 16
5938 16
3734 18
3689 19
2443 17
1873 14
7566 16
1046 10
2749 16
1084 11
7870 21
3942 17
4419 15
223 13
2929 15
2466 15
1071 14
4193 16
7228 23
2442 14
4407 11
7860 23
3810 12
8312 11
5387 22
5056 16
8418 16
3945 16
7183 19
1394 9
8452 20
7184 20
8922 22
4517 14
6538 15
1593 11
5857 18
9391 17
9626 22
6449 17
4579 12
8701 26
5624 14
3165 13
3316 11
1439 10
708 17
7003 18
5654 13
3351 15
2157 19
8630 21
9584 19
2621 15
4993 11
6256 20
8420 15
2331 19
4701 13
5158 15
3787 16
1063 13
44 3
6388 14
3826 17
9404 20
417 14
826 10
221 11
7832 15
9106 17
7511 14
1407 19
7729 25
3469 21
5385 15
771 19
6699 18
2704 18
8106 18
5812 17
8304 24
3950 18
4026 17
8549 21
4316 15
7963 21
3242 17
364 10
6804 17
2532 17
1821 15
7379 16
890 17
4607 15
634 13
2852 19
1636 12
9769 17
4950 14
8680 15
5438 19
9084 24
3091 22
9192 26
4972 14
2441 15
4500 17
484 13
2935 18
3543 12
1106 13
7446 11
1642 13
389 16
6478 20
6919 24
6996 19
4494 14
6636 19
6402 14
7786 19
9336 15
9322 18
7227 18
7600 19
4518 13
4967 24
2411 16
2457 13
6589 18
2589 15
8276 18
8316 22
8672 15
9236 16
2187 20
9291 14
9835 19
2245 17
7345 17
6232 17
2069 11
1009 17
9285 13
4244 15
1827 17
9503 16
8013 16
3743 15
574 14
2328 19
6724 15
7556 22
8260 21
974 10
1792 11
2903 21
5740 18
2593 15
5446 20
2055 21
3932 13
9175 17
4505 18
2784 14
339 10
3336 14
8231 10
1119 15
6609 11
4440 13
6056 19
7530 20
4030 20
6323 18
3630 18
9815 16
2293 11
1695 13
1757 15
4230 9
4503 15
9834 25
7775 19
6309 21
7287 10
9279 28
3214 13
8949 15
3921 24
7550 15
6577 16
6194 11
2779 16
4914 16
3074 19
8970 12
8374 19
5538 14
192 9
3112 23
3700 14
5185 17
160 10
828 16
9585 21
4767 15
5551 19
2664 11
1088 14
4423 15
5026 13
5860 17
1150 18
7245 12
8253 12
102 8
928 13
9041 25
268 11
1524 11
9384 20
2683 13
9486 23
6854 13
4472 13
4301 15
6292 14
1212 18
8673 15
6073 15
3606 15
1481 12
7789 25
3944 23
8815 18
3219 23
1180 13
9658 13
2392 23
4682 13
4816 20
5744 14
5726 22
5190 12
9133 18
8456 15
8775 23
5230 18
6454 13
1709 15
7622 23
8910 22
6257 20
1073 10
5408 14
7152 14
2001 15
3705 13
6179 15
1586 11
1034 15
7395 21
2407 15
8897 21
3434 14
4742 17
6275 14
5010 18
2074 16
5380 24
1332 16
516 12
1246 15
7044 18
5564 16
1609 17
5692 19
9825 21
8284 16
8250 23
9033 19
7489 20
3809 13
2102 19
476 17
2129 9
3738 21
3984 11
735 9
7651 13
1476 20
7011 16
9567 18
3162 12
9017 19
2573 18
456 14
655 15
50 6
1315 18
9204 9
2864 18
8222 16
5991 17
6113 20
5425 25
5993 23
7471 17
2595 16
1441 11
5402 15
2261 15
8550 18
4633 18
5867 20
6410 17
955 12
8030 23
8014 18
6562 17
2068 18
6013 19
6079 11
1364 19
3385 17
5656 18
7701 20
472 9
7166 17
9812 9
7982 12
5204 22
7940 16
9464 19
6302 17
7290 17
4128 20
9709 15
4073 20
4485 19
8534 14
7142 13
6892 13
3082 9
5029 17
3562 15
2418 17
2380 13
1534 8
8820 18
3046 18
4093 13
4714 14
5084 14
6982 18
5545 22
6874 15
8309 21
2335 11
6334 25
2736 13
2449 15
9509 24
1358 11
4971 16
2197 11
2677 19
5856 16
8656 25
7343 25
3033 21
7693 15
3193 19
7332 24
1605 14
2921 17
8038 11
7929 20
623 17
5159 15
4263 12
5963 23
1983 14
9582 17
9527 15
7217 22
980 21
3901 12
3990 22
1829 18
2694 18
782 15
5820 20
7132 25
3727 24
1820 16
7698 15
2461 10
5210 16
7632 16
2592 22
6316 17
4672 15
2099 14
785 14
9112 18
4932 13
9874 20
3909 11
9096 12
5004 15
2495 20
5965 20
6114 19
4382 15
3516 19
1816 14
4900 12
4537 12
7010 20
5370 18
8333 14
8750 20
1053 17
2869 17
4989 19
9049 20
995 13
9031 11
7571 21
668 18
9971 19
5141 23
6039 21
138 6
5631 14
9010 25
53 6
594 10
3292 16
1959 10
2208 19
7248 23
9086 15
60 12
3106 19
4709 19
3719 19
7539 20
2334 12
7645 24
3121 19
797 15
2177 12
1263 12
5528 24
41 9
5499 11
5132 14
3931 16
4610 20
1513 11
5118 17
1433 16
155 10
2005 14
7017 13
1833 13
9953 17
2345 16
8822 18
6356 18
9739 19
2529 6
1779 19
8969 11
9623 20
5712 14
9534 18
4174 24
8661 13
3834 17
7739 13
6669 15
7697 9
2644 18
5104 17
6126 17
4627 24
5055 19
3502 16
9103 21
6482 16
3450 15
3974 13
3836 21
2381 19
3919 10
7792 18
9199 12
7191 15
8647 18
2646 18
1624 10
500 16
7512 14
9400 12
9111 15
7595 21
3768 14
1855 12
5242 14
5522 18
9251 10
43 8
6926 18
369 9
9872 16
6145 19
7439 17
1838 12
3225 14
4393 15
695 14
5868 16
6364 18
2390 16
9063 14
8823 21
4532 25
5876 11
4617 22
8193 13
6787 20
2804 19
6591 16
7485 14
7813 21
6948 13
1687 10
5374 14
2897 15
8524 14
3533 21
7274 20
2717 16
4072 13
284 8
2695 22
5754 11
9465 20
2995 25
5147 12
6527 11
7943 16
8812 16
5038 15
6722 16
307 11
8856 19
558 14
2370 18
1201 15
9352 16
74 7
4323 18
6732 17
4758 13
7223 22
3887 13
4200 19
946 15
2414 15
2588 12
8744 19
8046 17
3820 14
5288 15
3414 12
5600 15
5842 13
9456 22
7263 16
49 9
9777 17
9318 18
9410 16
5131 15
5150 19
7877 19
991 6
6560 14
174 11
4613 18
488 13
419 12
1996 14
6003 22
1133 14
9730 14
509 16
378 14
5771 19
4990 16
8746 19
7812 27
3382 21
453 9
3142 19
2999 19
5368 12
5295 11
5957 15
1132 12
9682 22
8236 17
1964 13
3567 18
3027 14
3618 22
4591 27
8481 15
9766 14
4330 18
909 15
3323 17
4817 19
9276 17
1036 9
4352 28
4968 17
1045 15
5877 19
7720 22
4371 24
8813 17
8880 17
2909 17
34 6
2786 11
8213 14
2991 16
2926 17
2993 21
976 12
7653 11
1567 12
1460 19
8192 24
1099 10
3587 18
8715 12
420 12
9530 16
1599 16
2549 10
6183 22
7092 16
5808 15
5548 21
2412 15
3295 13
4144 11
4057 13
2009 20
6897 24
6945 23
6270 21
2144 20
2066 12
8790 11
4425 17
5529 14
2931 13
6521 20
6466 14
1225 8
75 8
1000 14
9733 17
3509 20
1874 18
2115 15
2189 16
1859 17
4821 17
905 15
1038 14
5716 15
5883 12
5050 7
1227 19
6129 15
5292 12
6400 23
2604 11
6458 17
7116 22
5143 11
7894 15
7754 23
547 17
6962 13
156 12
1692 10
9401 16
597 9
3325 17
5745 21
1427 14
9383 14
337 9
6797 21
3863 13
2408 11
5608 15
3769 8
1143 10
6413 21
4773 17
7859 21
6979 17
3174 16
3213 11
3045 10
3176 13
5343 18
9012 17
72 13
6930 15
123 11
7757 16
9517 17
7640 14
9693 17
5152 19
5057 22
1989 22
1008 11
1581 17
5496 20
3291 23
7493 15
3775 10
8160 25
9480 17
1113 12
2259 10
4978 19
1976 11
2737 12
5266 16
7766 13
1540 16
4741 14
4220 14
882 12
8486 19
1151 14
615 13
8314 22
289 11
6764 12
7856 16
2219 18
2075 12
3480 15
2939 22
572 15
2109 11
2255 17
6977 14
8415 15
7172 23
6463 22
6367 18
121 11
4984 12
3202 9
8727 24
2709 14
7101 22
2110 15
7818 15
6353 15
5796 23
2368 13
644 8
3643 18
5495 14
65 7
2429 14
7850 12
3274 19
5281 23
4042 12
4919 16
4706 17
4411 23
1434 13
2643 15
3270 17
2800 15
8396 16
663 12
4272 14
3381 14
3470 14
3762 16
4270 15
3891 16
7114 13
6252 22
698 7
1808 18
8211 25
5673 15
6733 18
8212 25
202 14
4439 23
7188 15
3272 19
1973 15
5821 16
5774 14
1728 13
2327 21
7297 23
8707 17
5117 14
6398 16
2769 15
7352 18
7822 16
709 15
2003 16
1943 18
1195 13
3869 23
2167 14
8930 17
5973 12
3168 20
3271 16
3888 25
1464 12
3844 13
4696 15
4459 14
3345 12
2770 15
5980 18
6564 20
2811 17
8847 23
2137 10
8437 16
2781 19
4760 10
2653 15
7127 15
1578 12
4956 14
6900 17
4504 19
7398 23
1079 12
4430 12
9592 19
4231 13
6997 19
2434 11
4206 13
8168 14
325 15
5116 21
6346 15
2356 19
2297 10
114 10
1368 13
4013 20
5170 18
2122 20
8495 15
6146 15
2266 12
4975 15
1243 18
5255 19
7694 15
654 11
6774 12
2180 13
9108 16
7111 14
5058 16
9960 14
9339 16
1991 13
9940 16
5356 21
7947 19
7535 11
9094 14
6950 16
61 8
6016 17
2309 20
6541 20
7908 16
981 14
9126 22
2395 21
7322 17
4201 17
1062 14
2635 10
2294 16
5275 20
4724 22
6594 12
2546 12
6219 13
9313 19
68 9
3577 9
4998 17
8794 14
541 13
3289 14
8614 14
2982 21
8681 19
8003 15
2576 14
4114 21
5582 21
8655 16
2458 20
6014 10
4016 16
6261 14
4481 10
6713 14
9362 13
8066 19
5535 15
7149 19
6348 15
4227 14
4565 20
4405 21
2265 9
3044 13
1627 16
4253 14
6139 15
1914 14
5293 17
7062 15
1138 9
4181 15
9965 17
1694 8
4151 17
2056 14
7042 14
4531 16
7377 19
8711 19
7190 20
4827 15
2918 19
1629 15
748 17
4360 15
2097 21
1502 19
1309 5
2775 20
2289 16
158 9
5611 16
4194 10
7419 16
7576 14
3224 17
3625 16
3439 16
7315 23
1777 16
8365 24
2912 16
348 14
3206 23
2686 19
3681 17
906 12
602 11
5043 15
2019 17
7711 22
8283 16
916 9
2193 11
1163 15
8483 15
6616 14
4901 16
8187 9
6976 18
9169 20
9104 26
2023 18
489 18
1091 17
8351 18
2496 10
4367 17
8709 16
1659 15
6103 14
2145 11
8429 20
7871 14
3384 24
3506 15
3407 15
5756 16
8514 17
6213 16
8929 15
4101 22
5331 18
9351 21
7361 17
2126 13
8445 17
6987 19
314 11
8618 15
5570 14
2235 19
8696 22
184 12
1894 12
7710 17
4376 14
3157 19
1652 22
511 13
4679 15
8439 18
3194 19
1459 17
2703 14
7284 12
8835 16
9645 16
5638 9
3595 15
5735 20
3090 10
7787 12
8764 10
1619 16
9342 10
5137 21
105 6
4751 13
1419 15
6780 15
3086 23
744 11
5931 17
9698 18
4286 20
4004 22
1164 11
3442 19
1680 12
5893 19
1993 16
4634 14
3745 10
6475 12
7851 21
2568 13
3589 18
5565 16
8602 27
5620 17
1048 15
1421 16
1651 18
4228 22
2257 14
6501 16
4925 15
8566 21
1068 21
7568 18
6206 12
6801 15
1726 18
6340 16
7452 19
4496 13
4223 19
8069 19
5087 19
568 13
2148 18
8606 23
7265 11
152 13
1069 16
2891 10
1116 12
1023 11
4766 18
4643 10
2320 12
703 16
5543 26
341 8
5280 21
7401 21
2358 13
5829 16
1029 20
3881 16
3018 12
2206 18
7762 17
2582 15
2907 18
1301 14
4442 19
5511 21
4525 14
8036 25
6969 23
525 13
4710 18
7684 23
4790 18
7308 24
7435 17
9852 18
9861 11
3566 17
5509 20
5936 17
3885 14
5359 18
9207 22
9612 21
9924 16
5282 21
5363 16
2908 16
8796 17
3240 15
288 6
1311 17
3012 10
4134 14
4974 22
5452 17
2954 17
8643 23
9775 22
2571 16
8431 23
5831 22
1631 15
2815 21
8369 13
4856 12
3408 17
3123 10
2741 11
2042 17
9434 24
6826 18
6148 19
1691 19
9288 17
9458 16
2938 20
7879 13
2168 9
4015 13
3948 11
2711 16
7671 22
4081 19
5459 21
1483 11
7760 16
9618 17
1400 10
9532 17
1173 10
3895 12
196 15
1963 18
3135 16
4543 13
926 18
6918 13
2304 12
954 14
6082 16
3916 13
3040 13
2501 18
7591 21
9990 16
4934 15
5811 18
8267 16
455 11
4860 14
7696 15
137 10
5595 17
8895 24
580 12
672 15
8666 20
6169 15
729 16
7781 21
6751 18
4435 15
4735 21
2086 20
8129 22
5327 10
2984 11
8293 13
1322 14
459 14
379 11
9477 17
405 11
3730 23
9118 21
6995 13
7201 25
9147 16
9502 14
8649 22
9841 21
1828 9
8593 24
7674 23
1020 13
3058 21
3671 19
6419 15
4056 11
1424 15
2796 11
7507 20
1913 20
8320 12
6283 25
3875 14
1192 9
4780 14
7641 21
2547 19
7409 13
6328 24
6755 16
1755 20
902 13
2417 12
5355 17
6355 15
3378 15
6185 17
8857 16
8121 16
9826 13
8165 21
7104 21
94 7
7735 30
8982 19
3116 18
440 17
6678 17
9787 18
1590 18
368 14
9917 15
1011 12
7836 20
6280 20
7229 15
7916 30
8519 22
9622 22
2295 19
8056 17
4420 11
9494 17
2291 20
4266 21
2105 12
710 11
2016 14
8029 19
5098 15
320 13
3633 14
18 8
5105 19
5415 19
3443 9
1092 17
4183 23
3490 11
6015 13
573 14
6010 22
1795 13
351 13
5909 11
3698 16
3111 13
5401 20
5751 12
5807 19
3910 17
3353 16
6912 17
1881 8
6433 20
4770 23
4232 19
7465 22
9395 19
1158 20
5451 10
2394 16
930 10
7124 18
3664 19
2806 18
219 14
2943 19
4364 17
8258 26
8632 18
643 11
1396 16
110 9
6837 18
9069 21
8012 8
4551 13
5760 24
4403 20
5700 21
9271 21
2630 16
6622 27
4800 19
1783 15
3369 20
5249 13
9021 17
8189 17
3015 22
4631 19
9896 26
3827 16
5746 12
5637 20
600 14
2702 15
8174 10
775 11
6516 19
8504 24
8176 24
4772 13
4349 11
7030 20
4726 12
4024 9
6177 17
3906 14
7529 19
8768 25
5448 22
2479 20
7120 20
1848 10
2603 12
4408 13
2426 14
6122 23
586 12
5806 11
3549 14
3413 18
9536 20
316 16
5667 18
5108 17
9878 21
4469 17
2856 18
9929 17
6629 18
6035 17
5553 17
539 14
4065 17
8938 15
7800 16
7318 19
7175 10
9360 9
863 11
9270 22
4837 13
5066 12
3221 14
3415 13
8769 18
5979 19
5339 17
4011 24
2699 12
4208 12
9611 13
7820 14
5457 11
6524 11
2867 18
8958 26
3389 17
5862 16
8737 13
7704 21
4434 9
8818 19
6444 19
6297 15
6359 21
1415 15
232 13
8825 19
1264 13
7309 15
8167 11
947 11
3963 15
8098 16
5921 19
7716 13
6879 13
5300 17
1962 15
665 12
7180 17
796 11
4350 18
8315 10
4369 12
5060 21
7256 11
7631 15
1408 14
6313 21
6698 13
4897 14
8358 14
5475 21
4570 15
2037 10
3069 21
5632 18
9134 23
1519 10
4808 21
9289 21
5436 20
6961 19
3126 10
5610 14
8154 20
1058 16
4333 20
6271 22
3229 9
8161 24
4571 20
3300 22
8404 12
8107 13
761 16
8605 17
9093 17
5221 16
5007 18
2229 12
7898 14
7035 22
5025 19
611 20
8877 21
7569 12
8368 21
466 9
3301 17
4498 18
4801 19
8555 15
4041 12
3693 17
5956 10
227 11
767 12
3746 19
1796 12
8447 17
1580 7
523 12
133 10
6911 21
8237 17
2965 19
7268 11
9716 22
52 10
6991 16
8520 18
7028 18
8210 20
1340 15
9255 15
9321 15
6187 14
868 17
2625 14
569 13
7334 22
2076 12
8956 12
9380 15
6241 15
8669 16
5082 14
1539 14
8052 19
9252 18
8453 17
6748 13
2357 9
4615 18
1650 8
3373 18
8006 13
287 9
3939 24
5937 18
2080 19
4562 23
4299 13
162 14
3472 17
9123 17
8119 16
2113 12
1233 12
4431 13
5580 18
5737 15
8115 19
2384 22
8164 15
7453 14
3592 18
2748 16
9102 20
5749 20
1496 17
2609 11
4417 13
6846 15
3675 22
1179 11
9755 18
8022 14
5031 20
6212 23
4140 19
6109 18
6461 17
8442 15
4141 14
9469 20
8028 21
2049 11
238 10
8058 20
3263 14
6805 22
6431 19
6370 18
6128 15
5649 18
6312 13
920 14
5852 12
3024 22
4307 16
7492 10
5309 18
5982 18
5294 18
1096 15
5424 13
2506 13
7647 22
9594 22
5575 14
332 12
6012 18
7532 17
6384 11
1688 17
8135 15
2836 16
9934 22
8671 16
8733 17
5312 15
1719 10
1968 18
112 8
5392 18
1911 12
562 15
923 13
148 13
4235 12
3911 14
1186 16
583 8
4980 13
5641 21
3651 13
8918 17
3282 12
8925 13
95 11
442 12
8926 16
2773 18
6138 18
1105 11
5063 22
4467 12
8586 19
4099 19
6489 26
9314 18
9234 19
914 14
9601 14
2017 14
7611 14
9231 18
3772 18
2000 23
7617 14
2333 18
2339 12
1559 17
3905 17
4732 13
5238 15
9793 16
3795 20
987 17
1974 11
4475 21
2875 14
8601 18
6646 14
8619 17
5924 16
248 16
280 9
2388 15
7873 17
9665 18
1908 9
2155 15
9250 13
9799 20
4023 10
6954 18
2004 24
9735 14
4795 15
7 4
5895 16
6666 14
2620 17
6973 17
4865 20
3800 14
8468 12
4076 17
9843 21
5891 23
4507 21
2608 17
6237 12
3989 17
4285 13
2522 18
660 13
8716 27
7964 24
7130 15
9547 17
2378 17
4218 12
8579 14
6967 16
5381 12
9435 19
3904 18
9037 18
146 9
7888 14
245 14
6887 17
1754 11
2564 15
4969 20
1997 15
884 12
7335 21
9470 19
2928 16
3393 13
19 4
2215 17
1741 17
7462 11
2221 15
8557 16
1273 11
2669 17
4622 13
7962 18
2 2
6776 14
1448 12
732 11
7667 18
2889 17
8603 25
5970 13
4529 20
6481 17
9419 17
945 8
151 12
457 13
9701 24
5006 18
9445 15
3464 17
1491 13
67 6
8691 19
3196 15
9948 14
6986 15
1357 12
3232 18
2047 16
5835 15
3642 17
9087 14
6365 21
9591 19
3180 17
4671 19
3758 9
1888 16
3925 14
6612 18
5792 22
5512 20
92 8
9497 8
3564 20
7121 21
6882 19
746 12
4928 15
844 13
9449 22
1893 22
8181 24
1600 15
7215 26
291 13
1967 11
2400 15
8916 13
7235 15
801 18
6492 16
7794 21
2983 11
3997 12
5904 24
9277 17
9659 23
4599 18
7358 10
5386 11
6116 10
4879 18
6083 15
1990 14
3394 16
4657 20
5110 24
4738 15
2557 12
5183 12
5915 23
5048 18
83 10
1824 16
7616 18
7468 16
8988 18
4652 15
1346 14
546 16
4130 12
4700 21
8861 22
6790 16
2014 10
1076 16
5714 20
372 9
1738 17
5361 18
6165 16
7243 17
8983 21
6423 16
4363 20
2375 17
9855 19
7814 16
7996 23
8588 16
7220 20
1341 10
2440 10
6026 12
2927 21
741 19
6532 23
9416 27
7572 18
9617 23
4526 16
989 14
310 12
2216 16
6773 25
1339 11
305 14
4778 15
3862 13
9191 21
8460 17
3141 15
9349 20
7510 14
2203 14
8421 19
837 13
4471 13
2691 13
9666 28
6308 20
4146 12
6354 16
134 8
1406 16
9778 22
5491 19
1635 10
1879 18
7100 18
9363 20
5669 13
8893 20
4789 16
4454 14
861 12
2833 14
3512 19
9537 19
234 6
5505 18
4606 17
6750 22
113 11
7918 12
6247 18
5398 12
1944 20
5537 14
8621 14
830 8
7430 16
4746 8
6476 16
3833 15
6390 12
6608 18
5843 12
4509 15
8596 16
88 5
1769 18
4777 17
4850 12
9083 14
8802 21
2278 12
4533 14
7052 16
7987 22
9792 16
550 12
6092 21
8023 24
1626 15
6835 19
3525 16
7678 19
3941 18
6697 15
9786 19
5079 14
2586 12
5560 11
5588 22
5785 11
6207 23
411 10
6204 17
6094 17
3103 16
7236 17
9523 14
6162 16
8616 11
8883 24
2083 14
5690 22
439 14
9556 17
342 15
9897 17
4687 16
7967 27
384 15
1002 15
3495 22
6891 16
871 14
560 15
3865 13
6174 16
4300 17
4902 23
8934 15
4965 16
6940 14
9218 26
5966 14
66 10
2230 20
1312 12
5781 13
8073 21
3825 14
9939 16
2316 20
6553 17
2471 22
7930 15
5088 17
8430 14
2212 23
5946 28
7582 20
8416 17
365 9
9003 15
3522 23
725 13
6731 18
8040 12
3850 18
8080 15
3733 18
4761 18
189 9
9656 27
4848 17
3933 17
3632 20
7608 18
8102 16
3575 20
6966 13
3476 20
7722 14
780 13
8974 15
3839 13
5705 17
1582 15
1202 15
1375 17
4703 9
7828 24
5023 13
3371 16
7271 21
5367 11
1772 15
4547 22
5554 15
9211 18
6602 12
2132 9
5039 18
5668 17
625 16
3744 20
6716 20
2828 16
6796 18
2946 17
7186 11
7954 22
4234 13
454 10
2980 14
9876 20
762 13
3801 20
7656 19
9880 18
481 11
1156 7
8512 13
2053 11
6875 16
6839 17
9522 24
8079 27
6031 19
4117 19
33 8
6600 15
7767 15
2794 14
6217 26
6529 20
6172 23
4849 19
3458 20
5805 12
3047 14
2672 18
2565 21
2731 12
2403 15
8578 15
7144 14
2288 23
3366 16
1347 10
7447 22
3599 18
4577 20
4942 18
5224 8
2953 12
4877 17
7915 12
3158 20
5277 19
7020 16
5788 18
7427 14
5045 21
3987 17
6304 16
438 11
6963 19
2799 12
6161 18
6406 13
1181 15
9382 20
7426 13
7805 24
9443 19
3421 15
9034 12
2523 16
4835 18
311 11
8449 18
3283 20
9894 22
2705 19
9638 19
9916 24
3077 15
3679 16
6935 13
7096 19
7277 13
3019 17
2022 18
7702 17
301 10
8082 20
9713 15
512 11
5948 11
9839 20
6030 24
7070 22
3317 23
768 15
1320 9
7736 25
2030 13
6332 20
8339 15
5539 16
2438 12
5625 18
5646 23
363 12
2944 9
4655 19
9186 26
9931 25
176 11
9149 15
1837 11
147 7
621 19
5364 15
1412 11
1760 17
8342 20
4245 14
5518 18
1393 19
4187 11
757 14
4868 28
7091 24
9529 19
2393 22
9820 15
1799 10
5144 19
2681 13
7219 26
7285 20
967 16
2599 18
4473 13
9074 22
4402 15
7467 14
575 13
3878 18
8788 19
9553 18
3840 17
848 17
7686 15
8246 14
5589 17
4730 19
8137 19
3492 14
3716 10
5644 12
6676 25
2851 14
5222 16
2369 18
9772 17
7960 16
2792 13
4161 14
4727 16
2220 14
5297 25
2468 17
4662 14
2447 9
2360 19
8295 23
2158 14
5568 15
681 17
7847 24
6831 15
136 12
2968 19
6951 24
9528 23
3257 21
6104 16
7117 18
5049 20
59 8
6601 11
3581 22
4535 14
1910 17
1700 11
7369 20
7630 16
401 15
3151 23
2322 14
8564 15
9737 20
5430 18
3392 15
3855 23
4553 15
2459 17
7280 14
9438 15
820 13
5360 11
260 11
7747 22
9847 19
1171 14
6519 22
414 12
3067 20
4188 23
8009 14
58 11
7922 22
6947 20
787 17
8179 15
4477 14
1209 14
3424 10
5315 24
3600 12
491 14
4513 14
635 12
3908 12
1801 16
5685 17
6965 20
7135 16
2160 16
7721 22
7854 13
3550 13
4261 20
4433 22
9600 18
3212 17
8244 16
9726 21
2188 10
7474 19
854 17
8609 23
5875 21
2538 16
8689 17
9423 15
4720 15
5336 16
6019 16
1240 14
3764 13
3957 12
7079 20
4058 18
7790 16
9798 13
7282 19
2916 13
11 6
4894 19
1571 19
6120 18
5112 15
4465 23
3092 16
7209 23
9870 29
3315 18
1595 19
1552 11
7444 16
7816 19
8435 13
7557 19
4598 20
2491 18
9273 19
1374 17
1765 11
4642 18
5305 12
8793 26
1074 10
1112 17
4077 21
2558 18
6929 20
1717 14
887 17
6619 21
5080 22
4258 16
7027 16
5723 16
1958 13
5354 12
795 9
1574 17
5164 15
6781 16
6922 14
8690 21
3166 12
731 15
4118 18
6810 14
393 10
7889 13
7853 18
1275 13
4907 18
3200 16
6615 16
2574 16
6118 15
195 14
188 15
8594 22
1428 9
1803 17
8936 14
2797 17
7252 10
5218 13
4381 18
7146 25
4087 22
7518 16
6544 26
444 14
1764 13
4404 24
5701 16
6496 25
4921 19
2480 16
7948 18
7581 13
2379 20
3696 16
3080 20
240 11
7486 17
1070 14
6741 16
4279 18
5089 13
5697 14
9056 20
8383 25
6903 19
6409 15
1137 14
5813 21
4421 15
8489 18
297 9
3065 8
4629 14
9259 22
2196 17
3602 16
7508 12
8366 16
1882 15
6642 22
3554 11
1270 16
1887 14
6448 14
3511 19
9539 21
6956 15
688 10
31 8
9569 18
2372 17
7913 17
5622 15
4482 16
9201 19
712 10
6088 20
3355 23
1722 20
9214 18
3541 14
4524 21
8731 14
2834 19
5267 22
9140 11
8909 18
2880 14
5888 18
5739 17
1936 13
6523 24
4203 11
6324 16
5840 22
9272 11
9571 21
7112 20
4882 16
1006 11
4047 18
3701 20
290 15
2626 12
5229 11
9973 18
8229 22
4291 13
6999 20
2024 13
7381 20
6599 23
4588 17
2655 15
9853 24
9166 24
9663 18
2812 12
9521 14
1504 16
9460 8
2831 13
3644 15
3226 9
4319 16
7088 14
5775 14
7253 17
7364 16
8903 13
5081 19
4558 15
3155 19
6932 18
1693 21
764 13
3440 17
8867 13
3838 19
959 12
6333 17
1601 14
4348 12
5906 22
5220 17
9933 12
3034 16
9131 11
9773 22
5720 18
5498 18
4677 15
3319 15
9887 16
6377 19
6156 18
2198 11
5664 13
4375 16
5324 18
9345 13
8907 20
7804 15
4451 16
6483 16
2930 19
7719 15
7745 17
517 11
938 11
6876 21
7376 26
3673 19
7138 19
3783 14
6914 16
4644 14
3029 19
1140 12
7756 17
3504 16
8065 13
6259 16
5016 24
1165 18
7065 11
6425 21
6038 17
9963 19
5905 22
6628 15
6421 18
7338 16
8285 22
6530 23
1294 16
2778 22
1443 13
2498 12
4941 13
5958 18
604 16
5344 20
3186 16
8800 22
970 10
9660 20
526 12
4904 20
7392 23
8531 20
71 11
3570 15
4090 11
7041 17
126 8
1995 17
8943 22
3823 16
8088 25
7635 14
9630 11
9893 14
6147 10
3333 13
1362 11
2142 19
9794 24
7237 16
4528 17
2225 19
5317 17
1781 10
2739 13
9212 13
6765 19
4656 10
1875 13
5102 15
8827 17
6044 15
7442 25
2271 14
7527 24
2282 15
1473 17
7141 16
1379 16
309 10
3285 16
2979 14
8053 21
9968 25
2682 12
1813 18
7037 25
8858 15
6569 18
5601 19
3467 14
7682 22
2570 11
4315 17
3591 16
8694 18
6000 19
2820 15
6178 20
2419 19
8795 18
8933 17
6893 20
2673 20
4825 24
7823 15
5880 26
5073 20
7744 14
2858 25
4226 19
1731 9
9138 14
8268 16
831 16
9697 14
1623 18
5416 21
533 12
4010 19
8574 29
7412 16
9742 18
4096 21
6693 13
6052 23
6337 11
7923 20
1917 17
3364 21
3038 20
6770 21
4259 17
7514 8
8937 18
7981 23
3160 13
5579 12
4241 13
8842 24
5019 22
953 9
935 13
6925 15
5192 25
8518 17
8954 21
579 15
2607 24
7753 18
1490 17
4327 22
8 4
6027 23
1984 13
3491 17
8043 17
2493 12
2910 21
9330 13
4864 16
2087 12
8799 15
1517 17
8352 18
1982 14
3818 15
8919 14
7310 17
7089 19
6567 10
9365 21
1232 13
2947 20
1805 16
3356 20
5916 18
1013 16
6587 17
6021 16
5120 23
8220 20
8810 12
1869 13
1214 18
6657 14
8831 18
8083 18
834 15
3976 15
5338 25
3993 19
4216 19
552 14
9817 22
6438 16
1128 15
2521 13
8311 20
718 12
9649 23
9320 15
6570 12
9441 18
6298 14
588 16
7466 14
5067 13
627 13
4574 15
6091 18
9550 18
8203 17
4510 11
6894 14
2250 18
7418 16
9338 17
6654 14
3401 23
6520 21
6500 22
7649 16
8017 20
2548 14
9920 13
7521 21
8770 17
4903 10
8914 18
376 8
1222 14
7353 16
1467 17
4947 11
9840 21
6686 17
6090 22
4163 19
3277 12
2636 11
4830 23
6196 20
4158 14
4793 10
400 12
7199 18
9296 17
8294 17
1512 13
7317 22
734 13
6931 21
845 13
9079 20
8372 14
1774 12
1384 19
5911 19
7866 18
8152 22
8747 20
9488 18
46 6
2184 20
8380 19
5032 15
4839 15
5284 15
8501 23
8968 18
889 19
8482 22
1127 10
8541 25
3453 11
4461 23
6495 19
6552 25
3318 25
7250 20
3536 21
716 12
5819 19
5884 11
7464 20
1175 13
1931 8
2399 16
8927 16
3755 12
275 13
4205 21
1488 14
23 6
1314 10
3308 23
4661 14
12 6
8202 11
6276 15
7038 25
9020 16
8138 21
6180 22
2964 23
2114 15
5096 14
5298 14
266 13
8912 11
3608 19
2131 9
5898 19
2413 10
7627 19
7454 18
9784 23
6293 15
5011 10
8834 15
8859 15
8841 20
8532 21
8530 17
1849 19
4818 18
7145 16
2720 17
4384 23
9819 20
4822 19
3360 13
9298 21
2732 20
5352 13
7842 11
791 14
6868 24
9353 16
8300 15
3811 16
752 8
5347 16
4688 11
5365 23
7336 17
9176 16
5722 13
9420 19
4576 23
7342 16
9076 16
5286 17
451 10
3130 12
982 11
5478 17
4584 11
1050 17
7415 21
4122 9
2290 23
9490 20
8921 12
4776 25
1402 17
3805 15
4051 16
5736 17
5268 21
3087 15
2121 21
1442 12
9026 13
2684 17
6098 16
9822 14
5532 17
5142 14
9170 15
4759 18
9035 24
8248 19
973 9
2299 14
6242 14
4297 15
2234 18
4133 17
6034 13
2518 17
554 18
2436 13
9068 11
