7538 7538
8411 8411
3757 3757
7668 7668
5313 5313
2063 2063
4137 4137
7230 7230
6847 6847
9903 9903
8957 8957
4753 4753
3854 3854
5000 5000
6548 6548
2246 2246
4906 4906
9808 9808
6595 6595
3388 3388
2092 2092
8166 8166
4493 4493
7054 7054
6269 6269
5418 5418
1203 1203
2642 2642
5710 5710
510 510
8424 8424
3248 3248
5272 5272
2181 2181
7267 7267
6937 6937
595 595
7755 7755
4166 4166
7441 7441
7657 7657
9474 9474
8546 8546
1511 1511
825 825
5093 5093
108 108
5730 5730
1252 1252
3055 3055
5469 5469
3343 3343
1220 1220
9961 9961
396 396
7488 7488
1730 1730
7951 7951
129 129
3792 3792
4812 4812
4905 4905
3391 3391
6436 6436
7085 7085
657 657
3372 3372
7679 7679
8412 8412
3889 3889
1472 1472
2420 2420
3362 3362
17 17
282 282
4186 4186
1461 1461
390 390
6267 6267
2712 2712
3444 3444
1735 1735
6054 6054
1015 1015
8047 8047
2801 2801
8502 8502
9776 9776
751 751
4982 4982
9919 9919
5563 5563
9886 9886
3309 3309
8350 8350
6970 6970
318 318
1721 1721
1001 1001
8729 8729
1961 1961
2472 2472
7500 7500
5322 5322
8840 8840
7782 7782
5859 5859
300 300
4523 4523
2125 2125
3011 3011
4318 4318
3859 3859
9064 9064
5332 5332
1905 1905
1864 1864
185 185
8032 8032
8967 8967
5166 5166
881 881
1404 1404
1259 1259
9230 9230
4725 4725
1576 1576
950 950
5725 5725
6656 6656
9262 9262
4548 4548
508 508
4583 4583
3387 3387
8289 8289
6793 6793
3686 3686
9163 9163
8917 8917
6696 6696
9832 9832
9127 9127
2111 2111
1515 1515
1031 1031
3975 3975
1699 1699
9062 9062
9293 9293
3216 3216
7012 7012
173 173
4619 4619
4623 4623
9402 9402
5696 5696
2550 2550
6703 6703
1420 1420
9206 9206
5964 5964
5968 5968
6065 6065
6898 6898
9354 9354
705 705
3690 3690
9392 9392
9867 9867
2606 2606
2439 2439
6050 6050
1732 1732
4550 4550
7564 7564
9114 9114
4876 4876
5614 5614
4527 4527
4168 4168
8829 8829
7891 7891
4340 4340
9800 9800
2513 2513
93 93
1847 1847
1414 1414
6795 6795
3266 3266
6971 6971
9110 9110
5585 5585
3035 3035
6007 6007
4939 4939
3739 3739
9696 9696
682 682
9957 9957
8653 8653
3120 3120
6006 6006
6736 6736
7669 7669
3569 3569
2201 2201
8896 8896
5534 5534
6727 6727
9415 9415
715 715
969 969
3754 3754
6866 6866
3481 3481
198 198
8712 8712
1247 1247
6992 6992
1977 1977
8217 8217
6101 6101
7562 7562
8459 8459
8852 8852
1342 1342
4506 4506
5885 5885
1299 1299
9510 9510
9004 9004
7304 7304
6245 6245
3025 3025
7225 7225
4797 4797
1920 1920
2758 2758
7876 7876
1335 1335
9824 9824
8844 8844
1440 1440
6689 6689
8677 8677
1638 1638
5400 5400
9923 9923
4981 4981
3729 3729
4491 4491
7434 7434
7642 7642
5742 5742
5892 5892
6493 6493
3436 3436
398 398
2377 2377
4734 4734
9907 9907
7732 7732
8389 8389
2504 2504
756 756
5613 5613
7300 7300
9028 9028
4723 4723
1527 1527
6714 6714
4546 4546
371 371
8153 8153
1235 1235
9047 9047
6142 6142
2986 2986
5321 5321
1123 1123
9811 9811
8556 8556
4355 4355
799 799
847 847
5340 5340
1196 1196
9575 9575
73 73
7455 7455
7307 7307
8461 8461
9958 9958
4414 4414
426 426
3609 3609
3441 3441
1500 1500
5136 5136
154 154
6045 6045
1858 1858
4659 4659
3631 3631
904 904
800 800
6617 6617
6224 6224
8274 8274
3330 3330
2386 2386
3181 3181
7685 7685
4290 4290
3980 3980
4883 4883
9629 9629
810 810
6053 6053
8981 8981
4468 4468
866 866
5290 5290
8881 8881
1291 1291
5251 5251
8674 8674
2790 2790
6738 6738
5179 5179
5186 5186
8595 8595
9837 9837
8817 8817
5850 5850
6989 6989
5433 5433
8425 8425
1614 1614
8762 8762
1147 1147
2798 2798
5100 5100
5126 5126
4033 4033
1080 1080
3004 3004
4842 4842
7133 7133
1985 1985
9309 9309
7998 7998
3626 3626
4541 4541
5640 5640
8876 8876
9566 9566
4781 4781
4745 4745
9966 9966
559 559
933 933
8782 8782
6408 6408
4273 4273
566 566
4832 4832
5887 5887
5680 5680
1994 1994
7033 7033
8477 8477
7093 7093
8510 8510
2509 2509
8172 8172
7865 7865
3702 3702
1656 1656
6201 6201
3010 3010
6005 6005
9827 9827
3903 3903
1644 1644
5054 5054
3468 3468
6424 6424
7019 7019
4564 4564
2742 2742
7577 7577
5497 5497
1523 1523
3985 3985
6121 6121
8441 8441
5168 5168
2007 2007
4120 4120
7161 7161
5391 5391
8948 8948
605 605
252 252
7809 7809
5129 5129
8117 8117
1510 1510
6784 6784
4317 4317
872 872
2789 2789
495 495
4774 4774
784 784
5549 5549
4593 4593
3560 3560
2567 2567
9157 9157
6301 6301
143 143
1005 1005
4175 4175
479 479
7125 7125
2615 2615
1999 1999
5484 5484
6734 6734
9159 9159
7226 7226
2034 2034
9764 9764
7478 7478
9842 9842
1244 1244
1946 1946
1351 1351
8027 8027
2614 2614
2222 2222
7167 7167
3109 3109
3347 3347
4303 4303
5009 5009
4292 4292
7862 7862
7575 7575
3448 3448
4162 4162
4069 4069
804 804
8336 8336
900 900
7928 7928
951 951
2898 2898
3411 3411
4036 4036
8408 8408
6069 6069
4466 4466
2262 2262
5766 5766
2763 2763
3613 3613
145 145
5376 5376
2186 2186
3663 3663
4836 4836
1885 1885
7965 7965
9844 9844
6176 6176
5826 5826
3770 3770
5975 5975
9987 9987
4191 4191
6778 6778
4675 4675
5090 5090
4705 4705
4339 4339
2364 2364
2746 2746
1456 1456
4785 4785
3621 3621
2273 2273
7046 7046
9386 9386
1387 1387
658 658
5882 5882
3114 3114
9196 9196
9545 9545
7950 7950
7509 7509
4145 4145
7255 7255
9687 9687
4267 4267
9581 9581
6025 6025
8457 8457
6358 6358
699 699
3546 3546
7414 7414
9027 9027
4236 4236
8233 8233
1391 1391
6981 6981
6040 6040
6175 6175
6953 6953
4664 4664
3220 3220
6339 6339
230 230
8572 8572
9164 9164
5777 5777
8116 8116
3465 3465
6856 6856
3961 3961
462 462
1663 1663
8227 8227
42 42
4039 4039
6683 6683
2751 2751
1090 1090
6580 6580
164 164
116 116
815 815
8397 8397
7858 7858
4148 4148
4436 4436
4032 4032
1100 1100
9100 9100
3604 3604
3790 3790
1501 1501
2362 2362
7016 7016
2313 2313
6829 6829
6832 6832
9168 9168
5157 5157
793 793
5981 5981
3171 3171
9019 9019
2374 2374
7210 7210
2054 2054
5124 5124
8299 8299
4985 4985
5287 5287
8414 8414
5800 5800
35 35
2624 2624
6299 6299
823 823
3007 3007
3750 3750
6274 6274
6610 6610
3892 3892
7774 7774
3146 3146
2605 2605
1142 1142
5458 5458
9433 9433
7973 7973
977 977
942 942
8765 8765
4112 4112
4136 4136
5682 5682
1321 1321
2541 2541
805 805
9619 9619
7525 7525
2444 2444
4385 4385
9676 9676
8830 8830
7008 7008
5974 5974
9652 9652
14 14
6076 6076
2277 2277
2976 2976
9967 9967
6403 6403
2473 2473
8923 8923
7544 7544
4283 4283
4707 4707
5516 5516
1611 1611
5648 5648
633 633
4920 4920
9760 9760
1120 1120
3660 3660
4110 4110
7051 7051
1184 1184
2905 2905
1435 1435
860 860
1734 1734
4794 4794
3185 3185
7738 7738
1159 1159
5612 5612
486 486
1930 1930
6416 6416
2959 2959
852 852
3959 3959
3593 3593
5559 5559
5827 5827
5203 5203
1206 1206
6459 6459
6474 6474
965 965
7578 7578
3427 3427
7589 7589
7536 7536
5447 5447
8772 8772
6792 6792
3233 3233
5983 5983
8525 8525
8026 8026
5520 5520
6262 6262
5536 5536
1131 1131
2628 2628
6022 6022
9413 9413
9043 9043
264 264
8924 8924
5822 5822
5180 5180
478 478
3380 3380
7990 7990
6952 6952
4344 4344
1919 1919
6730 6730
2740 2740
9507 9507
617 617
4538 4538
4630 4630
7408 7408
7770 7770
613 613
2284 2284
2147 2147
2484 2484
4898 4898
7683 7683
56 56
9378 9378
2919 2919
1739 1739
9642 9642
2272 2272
662 662
1815 1815
3803 3803
7491 7491
5194 5194
8144 8144
794 794
5890 5890
62 62
7523 7523
9568 9568
9519 9519
4198 4198
1898 1898
3640 3640
1162 1162
534 534
5787 5787
3645 3645
5431 5431
9821 9821
9962 9962
2955 2955
6228 6228
9340 9340
5873 5873
7966 7966
5333 5333
4497 4497
4979 4979
7147 7147
4651 4651
8821 8821
2341 2341
2795 2795
9615 9615
4582 4582
9208 9208
3489 3489
9562 9562
8776 8776
7980 7980
5432 5432
9325 9325
6229 6229
9072 9072
6838 6838
6762 6762
1210 1210
482 482
8544 8544
7382 7382
443 443
1498 1498
6134 6134
3723 3723
7926 7926
1466 1466
8219 8219
2904 2904
8613 8613
9221 9221
8076 8076
7305 7305
2015 2015
7690 7690
8238 8238
1223 1223
7531 7531
7799 7799
6350 6350
5510 5510
3231 3231
2026 2026
8090 8090
2302 2302
8863 8863
1204 1204
9863 9863
9747 9747
7244 7244
2490 2490
7597 7597
8624 8624
1319 1319
8777 8777
6441 6441
5889 5889
1405 1405
6107 6107
5061 5061
9828 9828
149 149
3298 3298
7402 7402
1097 1097
3751 3751
9540 9540
679 679
2128 2128
3981 3981
9332 9332
990 990
5184 5184
9194 9194
3037 3037
1283 1283
6437 6437
5526 5526
5231 5231
7288 7288
501 501
6549 6549
2416 2416
6942 6942
8789 8789
6799 6799
4698 4698
249 249
9257 9257
9759 9759
76 76
5757 5757
3056 3056
3829 3829
3435 3435
504 504
7579 7579
9326 9326
1182 1182
6058 6058
3307 3307
513 513
3399 3399
9706 9706
6435 6435
6124 6124
8313 8313
1354 1354
9781 9781
5165 5165
4254 4254
8548 8548
8458 8458
9394 9394
1698 1698
3156 3156
5995 5995
2914 2914
2422 2422
3063 3063
2321 2321
6251 6251
2850 2850
2825 2825
181 181
2175 2175
4006 4006
6239 6239
5481 5481
4519 4519
9637 9637
323 323
576 576
2424 2424
6718 6718
736 736
5900 5900
1109 1109
7750 7750
4358 4358
503 503
9447 9447
7513 7513
6497 6497
6753 6753
5270 5270
9816 9816
9098 9098
1520 1520
2665 2665
1922 1922
1701 1701
1191 1191
2280 2280
7939 7939
6672 6672
6798 6798
3927 3927
3346 3346
3725 3725
6143 6143
6794 6794
2998 2998
9644 9644
9337 9337
4107 4107
7393 7393
3694 3694
4609 4609
3191 3191
7558 7558
7457 7457
9944 9944
4335 4335
2726 2726
6111 6111
3432 3432
598 598
5127 5127
1706 1706
2298 2298
6317 6317
6588 6588
7134 7134
2685 2685
858 858
7652 7652
6652 6652
8177 8177
3647 3647
2340 2340
8635 8635
1039 1039
2385 2385
9595 9595
4229 4229
9942 9942
3403 3403
524 524
628 628
2481 2481
6634 6634
4060 4060
3078 3078
8112 8112
2117 2117
1727 1727
4429 4429
4666 4666
120 120
9586 9586
1531 1531
2805 2805
1098 1098
4336 4336
4446 4446
4102 4102
8864 8864
8092 8092
2793 2793
3851 3851
5482 5482
5178 5178
3445 3445
6063 6063
5119 5119
6848 6848
6586 6586
5747 5747
9328 9328
9572 9572
6158 6158
2405 2405
4035 4035
4626 4626
483 483
4815 4815
7078 7078
5148 5148
4935 4935
6663 6663
3030 3030
4091 4091
3457 3457
480 480
8426 8426
7903 7903
4581 4581
3641 3641
2346 2346
7373 7373
4180 4180
8902 8902
936 936
242 242
4021 4021
4135 4135
3179 3179
6119 6119
9814 9814
2750 2750
2276 2276
8570 8570
3137 3137
3253 3253
9052 9052
330 330
4199 4199
2885 2885
3580 3580
6975 6975
6800 6800
4059 4059
1752 1752
4702 4702
4991 4991
1745 1745
3400 3400
9235 9235
1265 1265
6522 6522
4172 4172
1637 1637
7350 7350
6821 6821
6452 6452
6382 6382
5390 5390
9588 9588
9634 9634
4441 4441
6315 6315
423 423
3306 3306
8571 8571
3749 3749
106 106
1853 1853
3972 3972
3597 3597
910 910
2687 2687
9183 9183
4840 4840
303 303
2057 2057
9011 9011
1940 1940
6361 6361
6046 6046
8780 8780
1274 1274
8751 8751
4765 4765
2067 2067
6288 6288
3409 3409
3062 3062
737 737
1979 1979
3163 3163
7194 7194
7312 7312
5015 5015
4963 4963
3969 3969
6806 6806
4271 4271
5816 5816
2562 2562
1617 1617
8528 8528
8608 8608
7501 7501
7691 7691
8503 8503
3544 3544
5934 5934
8494 8494
6671 6671
5283 5283
8008 8008
216 216
2594 2594
9374 9374
228 228
6886 6886
4196 4196
4833 4833
3691 3691
8467 8467
7385 7385
5858 5858
7380 7380
9001 9001
738 738
5987 5987
2853 2853
8428 8428
6077 6077
4331 4331
1221 1221
4580 4580
7874 7874
6653 6653
6865 6865
1178 1178
3535 3535
2813 2813
103 103
1758 1758
5022 5022
1986 1986
5919 5919
8259 8259
6181 6181
7103 7103
8301 8301
999 999
4487 4487
4159 4159
8379 8379
3488 3488
4896 4896
717 717
2692 2692
9675 9675
7022 7022
7247 7247
7725 7725
1248 1248
251 251
4589 4589
8101 8101
4476 4476
1589 1589
3958 3958
4578 4578
5540 5540
5951 5951
7810 7810
4210 4210
7864 7864
4912 4912
2510 2510
9399 9399
3020 3020
7241 7241
9238 9238
4309 4309
1929 1929
294 294
1102 1102
5303 5303
7540 7540
6550 6550
7791 7791
9767 9767
5326 5326
2243 2243
4242 4242
3267 3267
2552 2552
8819 8819
6613 6613
8091 8091
4769 4769
8296 8296
2253 2253
5330 5330
6159 6159
7164 7164
4192 4192
5021 5021
7211 7211
2151 2151
1478 1478
9274 9274
432 432
1771 1771
5734 5734
5662 5662
9804 9804
1671 1671
312 312
2046 2046
2264 2264
3578 3578
4597 4597
6542 6542
9040 9040
8554 8554
1189 1189
1292 1292
3884 3884
7348 7348
8455 8455
8075 8075
8720 8720
1369 1369
3685 3685
9871 9871
9466 9466
2958 2958
302 302
7588 7588
9684 9684
2387 2387
3250 3250
1588 1588
3053 3053
9610 9610
4037 4037
1451 1451
8225 8225
3966 3966
6047 6047
2010 2010
1438 1438
564 564
8048 8048
2729 2729
5395 5395
5225 5225
4115 4115
8904 8904
6861 6861
6327 6327
7108 7108
1780 1780
3914 3914
6791 6791
518 518
3515 3515
4731 4731
6568 6568
692 692
1927 1927
4370 4370
416 416
7278 7278
1854 1854
7841 7841
934 934
8639 8639
2545 2545
8469 8469
215 215
3724 3724
7076 7076
809 809
8850 8850
9754 9754
4268 4268
629 629
3667 3667
1059 1059
7498 7498
3534 3534
2141 2141
5388 5388
101 101
2832 2832
3666 3666
822 822
8100 8100
5910 5910
1237 1237
5378 5378
8660 8660
9442 9442
9570 9570
5810 5810
6728 6728
4561 4561
8355 8355
5196 5196
4775 4775
1365 1365
8920 8920
1850 1850
8526 8526
4121 4121
1603 1603
1101 1101
1622 1622
203 203
8598 8598
5155 5155
2343 2343
338 338
1607 1607
4003 4003
5978 5978
9912 9912
16 16
1355 1355
4924 4924
925 925
2537 2537
5485 5485
1791 1791
4084 4084
6611 6611
9355 9355
8033 8033
3475 3475
6415 6415
7177 7177
927 927
4388 4388
3732 3732
9525 9525
5894 5894
6074 6074
9862 9862
3852 3852
3952 3952
2631 2631
9930 9930
128 128
8999 8999
1284 1284
1403 1403
1160 1160
8560 8560
8487 8487
48 48
278 278
4131 4131
7007 7007
9785 9785
3486 3486
1819 1819
4169 4169
3312 3312
1345 1345
4239 4239
8973 8973
5076 5076
3763 3763
4866 4866
7502 7502
9976 9976
5070 5070
1453 1453
191 191
7700 7700
1382 1382
6670 6670
3050 3050
9018 9018
4424 4424
4209 4209
3929 3929
2911 2911
4256 4256
4325 4325
8387 8387
9324 9324
8224 8224
9501 9501
7887 7887
4085 4085
1188 1188
3057 3057
2616 2616
2239 2239
4275 4275
6469 6469
2214 2214
9344 9344
7921 7921
8757 8757
3395 3395
5655 5655
1778 1778
6445 6445
1024 1024
6202 6202
653 653
4952 4952
5464 5464
1261 1261
5628 5628
5003 5003
5999 5999
3310 3310
678 678
4222 4222
2810 2810
521 521
2108 2108
6895 6895
8060 8060
585 585
6303 6303
675 675
2823 2823
577 577
7143 7143
1389 1389
6272 6272
1416 1416
9667 9667
3422 3422
2463 2463
4445 4445
827 827
3115 3115
9396 9396
6290 6290
727 727
1376 1376
7644 7644
6725 6725
4685 4685
8321 8321
7298 7298
3847 3847
5193 5193
5758 5758
6342 6342
279 279
324 324
3774 3774
3256 3256
5189 5189
9752 9752
2613 2613
4962 4962
4378 4378
5075 5075
9406 9406
1556 1556
4542 4542
5153 5153
1620 1620
6528 6528
1841 1841
8345 8345
7565 7565
6514 6514
5642 5642
1411 1411
1399 1399
1310 1310
4092 4092
1897 1897
9608 9608
5362 5362
2863 2863
5167 5167
6902 6902
1863 1863
5558 5558
1268 1268
1251 1251
6451 6451
2772 2772
1800 1800
8070 8070
9300 9300
9993 9993
2766 2766
6864 6864
6506 6506
4563 4563
3128 3128
250 250
5024 5024
3813 3813
9857 9857
3596 3596
9174 9174
9071 9071
5114 5114
6075 6075
8037 8037
5596 5596
7937 7937
7505 7505
5556 5556
5335 5335
3955 3955
8327 8327
8377 8377
3978 3978
7126 7126
7193 7193
9983 9983
9549 9549
1818 1818
898 898
5707 5707
4945 4945
3122 3122
2308 2308
6321 6321
6934 6934
2164 2164
6268 6268
1234 1234
1381 1381
8533 8533
5623 5623
3328 3328
833 833
8376 8376
5040 5040
1139 1139
6702 6702
9515 9515
7032 7032
5651 5651
7009 7009
4224 4224
6557 6557
6042 6042
2883 2883
8615 8615
986 986
6004 6004
922 922
7306 7306
2937 2937
9437 9437
9925 9925
7023 7023
2645 2645
985 985
6747 6747
2350 2350
8169 8169
5122 5122
3742 3742
9307 9307
8175 8175
2267 2267
5174 5174
5206 5206
4269 4269
2182 2182
9430 9430
1823 1823
5488 5488
57 57
9160 9160
7843 7843
7330 7330
2818 2818
7131 7131
6767 6767
2525 2525
141 141
399 399
2803 2803
2785 2785
1383 1383
1486 1486
9551 9551
1022 1022
1579 1579
5209 5209
9197 9197
3845 3845
382 382
754 754
8915 8915
183 183
7071 7071
4005 4005
8357 8357
8911 8911
4061 4061
7517 7517
3105 3105
1390 1390
334 334
236 236
4508 4508
3075 3075
2760 2760
4648 4648
3473 3473
1915 1915
7432 7432
1207 1207
1463 1463
7109 7109
8837 8837
2318 2318
7045 7045
9051 9051
5138 5138
1673 1673
1970 1970
29 29
6546 6546
2382 2382
7545 7545
9651 9651
3771 3771
7878 7878
8279 8279
8997 8997
9278 9278
777 777
911 911
8726 8726
8331 8331
5444 5444
1530 1530
4113 4113
4926 4926
3164 3164
7083 7083
9139 9139
7481 7481
5107 5107
9450 9450
6968 6968
8183 8183
2680 2680
2970 2970
8305 8305
6910 6910
2855 2855
6583 6583
4214 4214
8204 8204
2213 2213
5274 5274
9677 9677
5121 5121
8104 8104
1485 1485
9233 9233
6401 6401
8748 8748
3484 3484
1901 1901
8590 8590
2323 2323
2029 2029
77 77
5643 5643
211 211
2757 2757
8612 8612
8516 8516
6018 6018
7819 7819
1450 1450
231 231
3662 3662
1572 1572
1487 1487
8935 8935
1249 1249
5678 5678
8890 8890
2721 2721
3781 3781
375 375
1953 1953
182 182
701 701
5037 5037
6928 6928
4958 4958
3712 3712
5706 5706
5519 5519
4143 4143
669 669
4034 4034
6512 6512
6742 6742
4665 4665
2347 2347
4432 4432
5913 5913
8024 8024
3321 3321
8633 8633
8156 8156
47 47
6938 6938
4689 4689
9535 9535
7638 7638
1057 1057
924 924
917 917
2367 2367
4635 4635
6225 6225
3753 3753
6692 6692
1744 1744
7895 7895
7360 7360
4406 4406
5847 5847
7612 7612
7499 7499
6706 6706
2163 2163
4428 4428
7212 7212
9412 9412
7935 7935
3611 3611
6349 6349
2623 2623
3145 3145
32 32
4068 4068
1255 1255
2398 2398
3831 3831
6150 6150
5574 5574
9105 9105
7703 7703
1153 1153
1303 1303
1666 1666
8651 8651
7165 7165
3412 3412
5017 5017
1592 1592
8581 8581
7356 7356
1124 1124
2191 2191
3704 3704
99 99
394 394
130 130
5755 5755
8000 8000
2527 2527
7160 7160
1830 1830
8676 8676
8905 8905
3756 3756
5423 5423
4361 4361
1458 1458
6575 6575
5663 5663
9475 9475
1577 1577
3670 3670
601 601
8741 8741
3433 3433
5617 5617
6685 6685
6623 6623
4197 4197
4040 4040
7746 7746
6387 6387
4095 4095
7844 7844
8074 8074
840 840
180 180
8839 8839
6851 6851
7339 7339
1878 1878
6243 6243
776 776
6955 6955
8585 8585
3874 3874
2617 2617
8059 8059
5450 5450
2639 2639
8659 8659
543 543
6071 6071
4276 4276
3579 3579
9045 9045
4824 4824
3970 3970
1211 1211
8064 8064
5636 5636
5256 5256
5311 5311
5815 5815
4094 4094
2161 2161
9505 9505
1114 1114
2100 2100
1889 1889
1338 1338
9054 9054
473 473
1564 1564
4884 4884
3365 3365
661 661
3542 3542
3907 3907
3083 3083
3837 3837
8993 8993
7806 7806
6555 6555
6255 6255
2190 2190
7477 7477
7917 7917
4356 4356
1570 1570
78 78
3860 3860
9036 9036
468 468
5959 5959
8157 8157
5013 5013
7749 7749
9720 9720
2632 2632
6173 6173
9695 9695
3129 3129
6694 6694
3532 3532
1608 1608
5686 5686
1337 1337
6877 6877
2240 2240
9910 9910
9484 9484
7386 7386
7400 7400
5308 5308
8995 8995
4343 4343
4296 4296
4954 4954
1618 1618
8805 8805
6318 6318
9366 9366
5704 5704
8349 8349
4312 4312
5750 5750
874 874
4007 4007
8878 8878
7567 7567
9604 9604
5226 5226
3714 3714
1843 1843
3197 3197
8873 8873
6949 6949
7758 7758
532 532
7129 7129
6752 6752
4874 4874
1425 1425
8057 8057
2844 2844
6581 6581
726 726
8561 8561
6429 6429
5768 5768
2178 2178
9774 9774
1056 1056
7893 7893
1304 1304
8888 8888
7958 7958
9498 9498
1155 1155
2120 2120
9248 9248
4455 4455
9779 9779
1583 1583
9359 9359
3741 3741
200 200
5939 5939
8760 8760
3747 3747
895 895
2021 2021
9514 9514
3072 3072
6155 6155
5639 5639
4207 4207
5653 5653
8371 8371
1862 1862
4540 4540
6329 6329
1359 1359
1267 1267
3835 3835
9830 9830
4641 4641
2410 2410
6644 6644
6223 6223
1742 1742
4000 4000
1934 1934
551 551
9947 9947
9311 9311
7970 7970
841 841
7483 7483
265 265
190 190
9473 9473
743 743
4396 4396
5125 5125
5466 5466
2610 2610
6017 6017
8146 8146
3968 3968
7283 7283
8332 8332
150 150
2972 2972
2559 2559
5546 5546
652 652
7495 7495
7479 7479
6133 6133
8045 8045
1703 1703
2432 2432
3707 3707
9672 9672
9624 9624
7742 7742
3507 3507
9888 9888
7931 7931
9331 9331
631 631
8678 8678
4456 4456
6096 6096
1287 1287
6824 6824
593 593
4106 4106
8108 8108
4605 4605
1895 1895
666 666
1747 1747
7670 7670
9241 9241
1271 1271
3802 3802
3638 3638
2585 2585
7344 7344
8996 8996
2209 2209
5085 5085
8854 8854
2096 2096
9367 9367
8185 8185
9078 9078
8992 8992
1525 1525
5683 5683
1040 1040
1748 1748
876 876
9286 9286
8766 8766
2622 2622
8215 8215
700 700
1852 1852
24 24
9173 9173
5547 5547
5371 5371
7733 7733
632 632
4225 4225
8761 8761
8906 8906
4394 4394
7752 7752
6782 6782
9918 9918
8899 8899
69 69
6189 6189
1817 1817
7064 7064
5576 5576
582 582
6037 6037
5005 5005
3368 3368
4251 4251
9955 9955
2454 2454
5727 5727
5479 5479
4353 4353
3211 3211
1336 1336
3039 3039
6785 6785
2079 2079
4536 4536
1429 1429
8507 8507
327 327
8575 8575
6993 6993
6743 6743
408 408
3676 3676
9900 9900
7043 7043
7047 7047
5603 5603
6998 6998
7681 7681
8828 8828
3853 3853
2039 2039
5188 5188
6802 6802
9224 9224
3586 3586
9724 9724
1302 1302
4474 4474
7504 7504
6160 6160
1630 1630
7831 7831
1087 1087
8623 8623
7829 7829
9030 9030
5694 5694
1505 1505
1826 1826
5593 5593
4899 4899
7547 7547
1896 1896
5227 5227
724 724
4929 4929
355 355
6468 6468
3508 3508
542 542
5691 5691
3446 3446
9504 9504
8302 8302
590 590
4522 4522
4771 4771
9904 9904
1145 1145
2627 2627
1729 1729
6737 6737
5773 5773
1677 1677
5861 5861
2848 2848
6605 6605
6216 6216
2502 2502
8763 8763
9520 9520
5470 5470
2107 2107
9589 9589
1610 1610
8552 8552
563 563
3342 3342
9674 9674
6818 6818
2300 2300
1851 1851
1948 1948
3528 3528
7718 7718
132 132
285 285
3107 3107
3204 3204
1960 1960
8318 8318
2231 2231
7429 7429
424 424
2373 2373
3370 3370
8385 8385
1260 1260
3288 3288
5328 5328
4601 4601
2961 2961
8498 8498
5439 5439
1612 1612
3396 3396
3014 3014
7788 7788
5246 5246
4871 4871
6087 6087
8773 8773
8940 8940
7234 7234
5257 5257
5577 5577
8288 8288
8652 8652
6870 6870
3552 3552
9242 9242
5801 5801
5687 5687
4365 4365
888 888
4184 4184
9803 9803
2500 2500
2816 2816
6639 6639
2824 2824
4038 4038
9077 9077
7949 7949
2978 2978
6310 6310
3205 3205
8016 8016
6841 6841
4357 4357
7496 7496
3710 3710
6788 6788
7399 7399
9304 9304
8941 8941
9662 9662
8704 8704
7261 7261
5348 5348
3068 3068
4501 4501
9531 9531
2871 2871
7000 7000
2038 2038
6285 6285
2714 2714
4233 4233
9053 9053
3789 3789
1081 1081
7150 7150
5437 5437
8576 8576
3049 3049
2866 2866
3868 3868
5086 5086
2528 2528
2572 2572
8699 8699
7875 7875
3199 3199
7406 7406
4861 4861
6899 6899
6539 6539
2974 2974
5604 5604
7734 7734
8378 8378
979 979
1522 1522
8687 8687
2059 2059
6029 6029
5836 5836
8031 8031
9398 9398
2423 2423
7431 7431
2517 2517
4791 4791
5213 5213
1215 1215
765 765
6422 6422
2064 2064
7314 7314
8962 8962
789 789
8287 8287
9455 9455
8523 8523
3016 3016
6786 6786
6396 6396
1702 1702
6807 6807
3287 3287
7817 7817
4238 4238
5550 5550
458 458
6754 6754
340 340
5671 5671
4320 4320
9356 9356
2874 2874
1436 1436
2130 2130
4937 4937
8749 8749
5769 5769
8952 8952
4889 4889
8406 8406
1431 1431
4257 4257
1543 1543
4179 4179
2310 2310
6739 6739
6199 6199
2133 2133
9761 9761
9485 9485
3998 3998
1386 1386
6758 6758
8077 8077
3784 3784
1653 1653
9209 9209
2942 2942
7957 7957
1681 1681
3192 3192
3260 3260
4590 4590
8018 8018
6020 6020
8688 8688
9560 9560
998 998
2650 2650
7196 7196
1134 1134
9265 9265
3032 3032
9614 9614
769 769
544 544
6717 6717
5197 5197
5675 5675
4490 4490
8980 8980
3680 3680
51 51
1245 1245
6621 6621
4359 4359
2925 2925
6164 6164
7619 7619
3866 3866
5635 5635
1547 1547
6632 6632
179 179
1682 1682
1555 1555
5468 5468
1168 1168
6682 6682
2363 2363
5078 5078
857 857
1716 1716
5128 5128
2101 2101
5838 5838
1378 1378
4499 4499
3456 3456
5243 5243
1446 1446
5443 5443
1480 1480
7080 7080
6990 6990
63 63
241 241
9219 9219
8111 8111
6154 6154
4686 4686
5630 5630
2835 2835
7048 7048
6218 6218
4712 4712
1437 1437
1295 1295
3152 3152
2774 2774
373 373
7840 7840
8611 8611
1750 1750
2338 2338
8419 8419
3344 3344
135 135
3861 3861
1176 1176
7214 7214
850 850
5442 5442
7276 7276
4739 4739
1998 1998
6460 6460
21 21
4995 4995
2089 2089
8395 8395
8306 8306
3918 3918
9831 9831
5952 5952
9334 9334
5077 5077
6210 6210
7173 7173
40 40
4311 4311
5863 5863
5997 5997
8670 8670
5181 5181
9563 9563
5872 5872
6974 6974
3190 3190
610 610
5323 5323
3410 3410
4567 4567
1782 1782
3430 3430
5914 5914
3871 3871
2637 2637
4308 4308
2906 2906
490 490
832 832
8743 8743
9823 9823
5908 5908
3348 3348
5947 5947
1966 1966
9210 9210
5972 5972
1558 1558
9426 9426
7472 7472
1649 1649
4478 4478
2258 2258
6152 6152
3177 3177
7934 7934
9090 9090
2840 2840
9749 9749
2098 2098
6590 6590
7192 7192
2764 2764
8496 8496
2072 2072
6813 6813
1672 1672
9180 9180
9136 9136
3230 3230
4957 4957
6640 6640
7469 7469
7714 7714
8862 8862
3620 3620
8136 8136
7905 7905
8340 8340
6060 6060
9095 9095
9628 9628
168 168
2960 2960
6820 6820
2932 2932
9085 9085
1667 1667
5394 5394
1157 1157
8479 8479
7066 7066
6688 6688
7615 7615
295 295
606 606
7347 7347
4600 4600
1413 1413
9813 9813
9548 9548
5950 5950
5681 5681
8361 8361
1770 1770
9260 9260
9427 9427
415 415
4568 4568
8710 8710
9499 9499
6234 6234
4104 4104
1065 1065
1169 1169
8679 8679
7815 7815
1689 1689
9284 9284
5161 5161
3709 3709
6573 6573
8105 8105
406 406
6711 6711
6335 6335
8767 8767
5594 5594
6221 6221
2581 2581
1373 1373
2987 2987
7148 7148
82 82
2486 2486
9734 9734
4185 4185
5844 5844
798 798
5353 5353
9538 9538
5828 5828
4680 4680
218 218
7604 7604
2670 2670
9627 9627
6428 6428
6972 6972
6385 6385
9491 9491
5151 5151
4322 4322
5252 5252
1371 1371
3254 3254
6624 6624
6705 6705
3195 3195
2839 2839
7242 7242
9038 9038
9988 9988
8946 8946
4927 4927
8465 8465
2505 2505
3629 3629
9496 9496
2722 2722
3451 3451
1743 1743
1129 1129
9879 9879
8714 8714
5721 5721
9015 9015
6394 6394
9974 9974
386 386
9648 9648
6597 6597
1095 1095
9654 9654
4289 4289
9239 9239
3247 3247
9678 9678
9226 9226
2192 2192
1392 1392
656 656
3461 3461
5020 5020
6503 6503
2534 2534
9954 9954
4002 4002
6184 6184
9341 9341
7867 7867
1904 1904
4063 4063
8297 8297
9970 9970
7944 7944
6985 6985
1064 1064
696 696
2990 2990
1704 1704
6286 6286
6236 6236
5435 5435
2150 2150
4625 4625
1938 1938
4683 4683
1891 1891
5310 5310
7852 7852
4650 4650
2070 2070
9977 9977
5302 5302
2569 2569
6085 6085
9616 9616
5426 5426
4391 4391
5902 5902
1662 1662
2124 2124
7764 7764
89 89
813 813
7370 7370
5523 5523
2962 2962
8346 8346
3812 3812
3996 3996
5702 5702
9305 9305
127 127
306 306
2116 2116
5369 5369
7417 7417
821 821
2688 2688
3648 3648
6905 6905
5375 5375
8682 8682
6117 6117
343 343
8240 8240
9632 9632
6783 6783
5404 5404
7001 7001
8658 8658
4717 4717
5346 5346
2469 2469
7541 7541
8171 8171
4368 4368
7587 7587
4649 4649
1025 1025
9702 9702
1104 1104
6393 6393
3471 3471
2183 2183
7213 7213
5830 5830
469 469
7884 7884
9151 9151
352 352
5845 5845
4943 4943
6943 6943
346 346
1285 1285
5062 5062
125 125
9533 9533
8275 8275
4492 4492
7119 7119
2924 2924
3173 3173
4027 4027
8261 8261
6643 6643
6209 6209
1825 1825
9152 9152
8390 8390
8646 8646
7796 7796
3848 3848
9992 9992
790 790
2619 2619
5379 5379
7436 7436
255 255
441 441
9428 9428
4008 4008
565 565
8960 8960
8634 8634
1409 1409
2430 2430
1557 1557
6924 6924
5602 5602
1935 1935
1536 1536
2244 2244
4495 4495
3361 3361
7748 7748
2884 2884
2006 2006
1135 1135
9421 9421
6153 6153
4873 4873
3268 3268
6144 6144
9906 9906
410 410
5115 5115
5285 5285
7845 7845
2077 2077
7272 7272
5728 5728
2641 2641
2583 2583
4362 4362
4049 4049
2270 2270
7325 7325
614 614
557 557
8860 8860
5051 5051
6957 6957
4287 4287
3081 3081
9315 9315
3326 3326
3735 3735
691 691
7932 7932
6059 6059
2933 2933
8139 8139
1925 1925
4138 4138
9150 9150
1121 1121
9650 9650
9763 9763
8509 8509
8972 8972
7081 7081
7366 7366
4009 4009
370 370
7424 7424
7090 7090
9685 9685
749 749
2666 2666
836 836
9708 9708
2465 2465
2118 2118
5397 5397
321 321
256 256
7321 7321
4458 4458
2755 2755
9646 9646
9959 9959
3876 3876
9295 9295
5552 5552
4156 4156
1397 1397
8631 8631
1236 1236
3677 3677
5996 5996
1596 1596
4046 4046
3419 3419
520 520
4054 4054
1690 1690
3761 3761
4154 4154
6473 6473
5879 5879
3223 3223
7603 7603
5241 5241
9220 9220
3913 3913
8515 8515
9986 9986
7371 7371
6002 6002
257 257
5456 5456
8120 8120
3241 3241
1890 1890
7294 7294
6345 6345
1055 1055
2817 2817
6933 6933
5961 5961
9418 9418
9915 9915
4658 4658
3828 3828
6477 6477
3646 3646
165 165
2667 2667
7899 7899
9849 9849
2923 2923
4549 4549
1126 1126
1117 1117
2668 2668
4366 4366
3006 3006
7658 7658
1660 1660
2936 2936
354 354
9066 9066
3170 3170
3358 3358
5483 5483
1767 1767
9269 9269
1749 1749
2777 2777
4400 4400
1928 1928
9253 9253
2093 2093
3100 3100
711 711
6343 6343
9985 9985
5652 5652
201 201
7463 7463
8180 8180
2477 2477
6878 6878
6191 6191
5412 5412
7231 7231
8784 8784
7605 7605
8493 8493
8587 8587
5724 5724
7761 7761
335 335
8500 8500
2263 2263
707 707
7204 7204
7049 7049
9956 9956
2171 2171
2275 2275
1950 1950
4647 4647
5504 5504
6411 6411
2734 2734
9748 9748
1546 1546
38 38
4150 4150
1111 1111
4278 4278
2662 2662
9725 9725
8382 8382
5571 5571
431 431
1937 1937
9190 9190
9145 9145
6531 6531
7846 7846
2915 2915
5053 5053
6472 6472
1216 1216
9700 9700
1975 1975
2462 2462
1060 1060
1806 1806
7673 7673
1288 1288
897 897
5135 5135
1918 1918
3559 3559
4859 4859
299 299
9129 9129
5289 5289
4670 4670
9120 9120
3377 3377
166 166
2002 2002
7574 7574
9432 9432
4045 4045
647 647
2371 2371
2706 2706
5566 5566
3431 3431
4511 4511
6680 6680
6372 6372
6319 6319
704 704
7660 7660
7216 7216
5839 5839
9577 9577
774 774
697 697
6227 6227
6254 6254
4813 4813
7275 7275
1457 1457
7440 7440
9810 9810
6872 6872
6863 6863
3870 3870
6320 6320
1086 1086
7695 7695
4127 4127
8398 8398
1468 1468
7396 7396
3622 3622
1072 1072
4786 4786
1430 1430
5679 5679
2138 2138
1239 1239
9009 9009
4453 4453
2878 2878
772 772
592 592
9453 9453
2657 2657
6890 6890
6817 6817
9301 9301
4346 4346
943 943
7699 7699
5814 5814
8637 8637
8286 8286
9561 9561
3455 3455
3183 3183
879 879
9543 9543
972 972
9998 9998
1361 1361
2210 2210
494 494
6721 6721
6205 6205
9599 9599
3786 3786
3148 3148
5403 5403
6442 6442
4755 4755
2292 2292
3258 3258
407 407
2989 2989
553 553
4457 4457
5154 5154
5541 5541
4715 4715
8664 8664
7897 7897
9873 9873
8207 8207
8568 8568
5449 5449
5530 5530
4918 4918
3161 3161
7740 7740
5411 5411
1615 1615
5832 5832
4539 4539
4763 4763
7586 7586
7333 7333
5869 5869
9877 9877
2865 2865
3846 3846
8019 8019
2530 2530
2733 2733
4733 4733
957 957
2103 2103
1900 1900
6405 6405
7633 7633
5918 5918
1724 1724
2228 2228
194 194
4334 4334
9719 9719
1308 1308
8271 8271
8147 8147
345 345
2507 2507
7363 7363
4190 4190
5942 5942
1733 1733
9928 9928
4823 4823
817 817
4660 4660
8719 8719
4149 4149
5616 5616
6049 6049
8373 8373
4806 4806
642 642
2881 2881
1444 1444
9144 9144
8061 8061
9829 9829
7779 7779
9297 9297
8099 8099
9177 9177
2597 2597
1683 1683
7624 7624
8044 8044
8798 8798
5212 5212
9357 9357
9361 9361
1325 1325
1041 1041
1761 1761
5846 5846
6690 6690
2421 2421
5833 5833
3138 3138
2013 2013
111 111
8450 8450
5234 5234
2707 2707
2679 2679
6916 6916
891 891
7060 7060
5795 5795
1503 1503
9908 9908
7984 7984
2827 2827
948 948
9744 9744
8875 8875
1916 1916
8223 8223
3140 3140
4100 4100
9901 9901
6112 6112
8629 8629
6222 6222
8928 8928
6108 6108
4460 4460
7945 7945
3556 3556
1356 1356
3627 3627
3557 3557
4001 4001
6383 6383
4948 4948
1353 1353
8093 8093
2073 2073
3977 3977
380 380
1465 1465
6440 6440
9008 9008
7423 7423
9014 9014
4966 4966
4293 4293
2237 2237
9945 9945
6857 6857
7924 7924
3571 3571
413 413
1924 1924
1533 1533
3147 3147
6871 6871
9237 9237
1108 1108
1316 1316
7661 7661
3983 3983
9225 9225
1313 1313
714 714
689 689
9721 9721
4463 4463
3117 3117
5780 5780
7410 7410
2460 2460
7909 7909
5998 5998
3614 3614
6822 6822
5865 5865
1585 1585
7397 7397
3085 3085
4807 4807
2985 2985
2474 2474
646 646
1528 1528
2808 2808
3521 3521
3296 3296
9593 9593
7724 7724
6412 6412
3503 3503
3821 3821
3264 3264
6171 6171
2112 2112
3699 3699
9162 9162
7976 7976
3637 3637
7098 7098
8257 8257
1061 1061
912 912
730 730
8792 8792
9890 9890
7927 7927
7983 7983
1278 1278
5263 5263
159 159
3423 3423
6028 6028
350 350
1542 1542
471 471
8547 8547
7058 7058
9607 9607
7664 7664
3113 3113
1942 1942
9481 9481
9333 9333
4743 4743
6414 6414
9492 9492
9859 9859
9266 9266
2738 2738
8307 8307
5917 5917
802 802
2618 2618
6659 6659
1272 1272
2956 2956
6170 6170
13 13
5776 5776
8872 8872
9791 9791
3798 3798
9089 9089
8084 8084
4893 4893
2715 2715
3617 3617
8400 8400
30 30
8517 8517
4304 4304
7156 7156
1254 1254
6371 6371
5689 5689
9381 9381
1035 1035
4996 4996
1030 1030
9573 9573
4796 4796
5474 5474
3558 3558
2950 2950
7473 7473
1349 1349
6131 6131
733 733
5591 5591
1388 1388
8604 8604
2169 2169
1327 1327
3760 3760
1146 1146
9205 9205
1736 1736
2611 2611
2455 2455
9506 9506
8454 8454
2690 2690
1992 1992
6888 6888
6244 6244
9692 9692
9370 9370
6720 6720
4380 4380
6649 6649
8824 8824
7110 7110
3708 3708
9969 9969
6314 6314
8702 8702
5841 5841
4560 4560
326 326
6186 6186
9294 9294
8781 8781
8985 8985
2934 2934
9653 9653
4999 4999
1328 1328
1886 1886
4328 4328
7061 7061
5008 5008
8035 8035
7029 7029
8051 8051
903 903
3104 3104
3095 3095
7663 7663
3740 3740
4846 4846
7989 7989
4139 4139
1553 1553
8705 8705
3124 3124
839 839
6843 6843
3986 3986
8740 8740
2223 2223
6638 6638
9283 9283
1645 1645
3236 3236
2663 2663
5670 5670
9417 9417
713 713
6572 6572
8700 8700
3817 3817
2596 2596
9758 9758
3793 3793
9683 9683
7407 7407
7266 7266
8255 8255
4108 4108
6240 6240
4462 4462
9229 9229
96 96
3418 3418
2895 2895
5818 5818
7886 7886
9991 9991
1836 1836
6833 6833
4173 4173
1594 1594
6978 6978
6344 6344
7628 7628
4909 4909
2771 2771
8718 8718
8667 8667
36 36
6166 6166
5476 5476
6376 6376
4338 4338
5658 5658
6471 6471
1563 1563
5428 5428
5581 5581
4614 4614
6626 6626
8851 8851
5393 5393
4814 4814
2036 2036
9565 9565
2759 2759
9013 9013
2260 2260
273 273
5030 5030
5455 5455
5291 5291
1417 1417
2427 2427
7808 7808
8264 8264
6565 6565
91 91
7254 7254
7187 7187
7528 7528
2767 2767
5976 5976
4521 4521
8953 8953
3695 3695
6265 6265
118 118
2876 2876
1094 1094
9613 9613
1366 1366
5823 5823
5068 5068
3008 3008
7239 7239
7494 7494
816 816
1834 1834
1945 1945
6089 6089
5207 5207
2127 2127
2768 2768
9728 9728
6462 6462
5992 5992
7549 7549
8173 8173
37 37
7355 7355
8436 8436
362 362
5301 5301
1177 1177
3880 3880
4908 4908
2176 2176
6036 6036
6220 6220
8476 8476
3682 3682
6873 6873
3262 3262
9723 9723
5753 5753
4618 4618
277 277
4255 4255
1367 1367
7961 7961
7677 7677
2822 2822
8322 8322
6055 6055
8122 8122
5851 5851
758 758
7643 7643
3002 3002
1032 1032
2470 2470
1526 1526
6151 6151
4621 4621
5912 5912
1628 1628
1831 1831
8292 8292
1161 1161
2437 2437
7534 7534
397 397
1562 1562
5349 5349
1678 1678
5065 5065
2448 2448
1541 1541
8778 8778
3973 3973
4043 4043
9750 9750
1377 1377
4321 4321
7559 7559
506 506
8965 8965
9690 9690
763 763
8407 8407
1083 1083
6417 6417
9327 9327
7687 7687
1494 1494
1004 1004
2752 2752
6917 6917
5199 5199
7163 7163
5524 5524
6913 6913
3338 3338
9478 9478
2200 2200
8870 8870
919 919
8163 8163
2165 2165
4757 4757
5111 5111
3526 3526
9373 9373
2940 2940
2629 2629
7827 7827
9949 9949
1751 1751
5106 5106
6392 6392
8591 8591
9376 9376
4788 4788
8025 8025
2640 2640
8126 8126
9487 9487
5250 5250
317 317
1014 1014
3538 3538
3842 3842
2829 2829
6470 6470
3028 3028
4153 4153
648 648
477 477
8991 8991
742 742
6093 6093
5531 5531
3485 3485
6465 6465
8427 8427
5261 5261
5561 5561
8663 8663
4252 4252
8149 8149
5853 5853
5515 5515
9390 9390
4195 4195
2218 2218
1632 1632
8885 8885
6809 6809
4415 4415
8641 8641
7067 7067
3070 3070
6389 6389
15 15
4516 4516
1725 1725
2233 2233
9287 9287
9875 9875
3302 3302
8724 8724
7938 7938
4018 4018
7609 7609
7178 7178
8375 8375
7834 7834
9254 9254
8675 8675
9 9
2873 2873
8693 8693
1380 1380
7388 7388
2402 2402
7273 7273
667 667
7741 7741
1037 1037
4530 4530
8214 8214
1360 1360
3061 3061
3499 3499
1753 1753
2094 2094
886 886
9640 9640
1550 1550
4654 4654
3276 3276
7055 7055
3383 3383
641 641
6072 6072
529 529
1965 1965
2344 2344
1865 1865
2846 2846
6909 6909
5462 5462
9308 9308
9583 9583
210 210
80 80
8097 8097
8184 8184
6543 6543
4594 4594
7824 7824
5599 5599
3934 3934
2654 2654
3669 3669
2008 2008
8725 8725
8362 8362
7106 7106
1711 1711
3524 3524
929 929
9668 9668
3375 3375
445 445
385 385
8536 8536
671 671
7648 7648
4887 4887
4280 4280
3752 3752
2698 2698
4262 4262
5337 5337
5191 5191
2870 2870
8443 8443
2324 2324
7516 7516
7837 7837
3023 3023
8508 8508
7911 7911
7484 7484
4165 4165
7349 7349
1822 1822
5130 5130
3060 3060
9409 9409
589 589
6811 6811
8401 8401
3286 3286
4083 4083
556 556
8755 8755
45 45
3217 3217
7560 7560
8206 8206
7405 7405
7637 7637
1229 1229
4450 4450
690 690
1933 1933
9655 9655
4390 4390
4784 4784
5738 5738
2678 2678
5296 5296
2315 2315
8599 8599
1217 1217
7666 7666
7613 7613
5329 5329
5173 5173
4638 4638
9161 9161
1115 1115
6901 6901
3610 3610
253 253
7590 7590
5542 5542
1980 1980
5647 5647
4690 4690
8811 8811
5233 5233
3099 3099
8786 8786
528 528
5413 5413
3737 3737
8162 8162
2647 2647
8756 8756
4215 4215
6664 6664
6369 6369
5896 5896
5782 5782
4886 4886
7053 7053
6896 6896
7014 7014
2555 2555
3406 3406
7707 7707
8201 8201
8095 8095
8128 8128
3363 3363
9679 9679
1226 1226
2149 2149
6558 6558
4097 4097
1718 1718
5573 5573
9746 9746
9385 9385
6869 6869
6641 6641
3882 3882
3788 3788
9602 9602
2788 2788
3545 3545
3661 3661
7340 7340
1639 1639
1788 1788
702 702
3013 3013
9202 9202
578 578
2354 2354
3879 3879
571 571
9451 9451
8717 8717
9267 9267
2487 2487
8277 8277
6368 6368
8417 8417
5507 5507
5237 5237
9952 9952
3376 3376
9899 9899
7620 7620
9101 9101
8198 8198
538 538
6858 6858
3102 3102
9228 9228
7428 7428
1118 1118
2497 2497
8170 8170
2754 2754
7383 7383
5276 5276
5799 5799
6852 6852
4111 4111
8440 8440
8078 8078
4062 4062
8034 8034
4554 4554
7614 7614
8158 8158
7299 7299
6526 6526
4603 4603
7099 7099
3101 3101
8042 8042
5674 5674
7768 7768
2633 2633
6648 6648
6744 6744
7316 7316
1077 1077
7157 7157
9130 9130
8832 8832
4124 4124
6033 6033
2281 2281
3331 3331
3619 3619
9891 9891
8221 8221
6404 6404
204 204
3304 3304
139 139
7743 7743
9598 9598
6620 6620
5866 5866
3935 3935
25 25
5429 5429
4260 4260
1835 1835
7056 7056
3672 3672
1518 1518
7026 7026
3563 3563
7726 7726
5247 5247
4281 4281
3269 3269
7584 7584
8290 8290
4074 4074
4240 4240
6845 6845
2404 2404
6836 6836
2710 2710
6338 6338
2084 2084
2106 2106
3000 3000
2900 2900
9743 9743
6307 6307
8062 8062
3332 3332
4930 4930
5969 5969
8199 8199
7105 7105
3553 3553
5672 5672
9633 9633
2821 2821
9884 9884
8319 8319
4673 4673
1318 1318
778 778
3924 3924
5708 5708
122 122
8132 8132
3561 3561
8491 8491
8742 8742
5789 5789
3041 3041
5693 5693
9280 9280
7592 7592
9671 9671
3576 3576
6844 6844
6494 6494
5046 5046
9364 9364
3452 3452
7375 7375
1497 1497
2992 2992
2359 2359
8086 8086
283 283
5502 5502
5172 5172
8685 8685
7802 7802
549 549
5094 5094
7260 7260
9329 9329
2975 2975
2780 2780
9468 9468
6507 6507
3979 3979
8874 8874
680 680
7978 7978
8218 8218
8348 8348
8438 8438
6585 6585
3658 3658
2172 2172
811 811
856 856
7195 7195
8640 8640
8882 8882
8488 8488
8208 8208
7675 7675
6859 6859
939 939
3539 3539
5269 5269
1756 1756
2238 2238
1956 1956
4410 4410
6746 6746
994 994
403 403
5583 5583
4098 4098
2279 2279
7769 7769
7118 7118
4737 4737
3584 3584
1565 1565
5214 5214
8423 8423
1787 1787
2312 2312
7773 7773
901 901
6080 6080
7646 7646
9982 9982
6921 6921
2922 2922
5463 5463
1018 1018
5200 5200
6700 6700
4237 4237
2153 2153
8620 8620
664 664
6927 6927
7476 7476
2450 2450
5248 5248
6491 6491
6645 6645
1300 1300
4870 4870
4572 4572
1017 1017
6684 6684
1941 1941
6266 6266
4885 4885
5097 5097
8291 8291
3864 3864
8308 8308
3898 3898
2336 2336
6740 6740
2314 2314
5764 5764
5052 5052
9092 9092
6068 6068
3668 3668
1033 1033
8636 8636
3520 3520
8900 8900
1597 1597
6633 6633
1423 1423
2475 2475
4940 4940
8511 8511
5803 5803
846 846
6490 6490
9156 9156
7728 7728
7095 7095
2248 2248
2146 2146
7692 7692
4566 4566
3201 3201
4747 4747
8642 8642
6631 6631
2656 2656
9065 9065
7519 7519
1219 1219
3110 3110
8364 8364
9042 9042
9223 9223
1883 1883
3303 3303
8977 8977
1814 1814
1902 1902
7475 7475
6420 6420
8392 8392
4693 4693
4668 4668
4663 4663
596 596
7185 7185
6043 6043
1256 1256
2601 2601
3964 3964
8774 8774
3819 3819
7073 7073
7137 7137
9213 9213
9005 9005
2366 2366
818 818
619 619
7238 7238
212 212
8282 8282
1231 1231
6584 6584
645 645
7598 7598
4479 4479
9846 9846
8015 8015
6099 6099
616 616
6226 6226
786 786
9714 9714
1947 1947
2425 2425
3797 3797
220 220
1768 1768
5357 5357
8324 8324
5461 5461
3639 3639
9554 9554
2044 2044
199 199
9641 9641
4704 4704
6607 6607
2718 2718
9058 9058
5471 5471
2877 2877
3172 3172
8205 8205
9972 9972
907 907
359 359
5319 5319
5544 5544
207 207
247 247
2396 2396
9316 9316
2819 2819
8848 8848
1775 1775
8994 8994
9029 9029
9729 9729
5962 5962
7233 7233
9500 9500
6211 6211
8381 8381
6907 6907
496 496
5299 5299
1857 1857
9048 9048
8363 8363
3585 3585
8785 8785
1469 1469
6860 6860
2179 2179
497 497
7730 7730
4298 4298
6011 6011
6132 6132
2859 2859
4933 4933
4792 4792
2342 2342
9705 9705
2078 2078
975 975
7771 7771
267 267
8124 8124
8432 8432
5761 5761
2730 2730
1861 1861
4986 4986
5092 5092
2433 2433
7224 7224
28 28
7553 7553
8721 8721
6289 6289
1598 1598
8367 8367
5713 5713
1912 1912
6687 6687
2306 2306
402 402
429 429
1737 1737
9358 9358
1218 1218
7526 7526
9557 9557
7068 7068
4994 4994
7394 7394
3198 3198
3076 3076
7421 7421
2494 2494
7291 7291
7270 7270
8109 8109
3003 3003
6041 6041
2326 2326
9346 9346
9107 9107
1082 1082
9185 9185
1647 1647
1899 1899
7807 7807
1665 1665
7912 7912
1684 1684
8317 8317
4177 4177
5731 5731
1447 1447
6168 6168
2540 2540
1125 1125
2159 2159
7522 7522
8096 8096
8011 8011
8328 8328
2274 2274
9542 9542
515 515
8955 8955
8134 8134
2269 2269
9580 9580
8665 8665
7327 7327
3598 3598
4895 4895
6771 6771
2809 2809
1026 1026
3530 3530
7384 7384
193 193
5405 5405
1746 1746
8521 8521
9524 9524
4020 4020
6391 6391
4329 4329
1697 1697
892 892
8394 8394
2031 2031
8803 8803
7880 7880
603 603
7040 7040
2951 2951
3722 3722
2062 2062
6480 6480
5797 5797
6673 6673
6434 6434
7543 7543
1545 1545
7914 7914
9606 9606
2242 2242
5472 5472
9448 9448
8335 8335
6505 6505
3210 3210
7776 7776
5984 5984
2012 2012
7849 7849
4398 4398
4844 4844
8879 8879
7868 7868
1664 1664
4088 4088
8353 8353
9024 9024
6946 6946
9950 9950
5772 5772
8001 8001
1773 1773
7448 7448
9275 9275
9938 9938
3953 3953
8836 8836
9000 9000
8816 8816
6665 6665
5733 5733
8399 8399
5926 5926
6366 6366
5677 5677
235 235
4718 4718
9258 9258
7346 7346
9664 9664
9119 9119
3463 3463
3767 3767
9932 9932
2700 2700
8932 8932
7892 7892
3623 3623
2351 2351
9845 9845
4628 4628
993 993
5028 5028
638 638
3726 3726
9232 9232
2018 2018
9741 9741
5002 5002
3203 3203
9446 9446
9377 9377
3327 3327
1776 1776
7570 7570
9016 9016
4740 4740
3628 3628
4608 4608
4418 4418
1952 1952
2162 2162
4014 4014
4048 4048
9631 9631
4804 4804
4332 4332
9805 9805
3386 3386
3777 3777
6707 6707
3759 3759
4834 4834
1794 1794
5422 5422
1907 1907
6381 6381
5932 5932
8068 8068
8698 8698
8492 8492
298 298
5101 5101
2971 2971
2453 2453
1257 1257
2708 2708
8041 8041
9414 9414
8151 8151
4247 4247
2602 2602
7182 7182
4395 4395
4857 4857
6715 6715
6574 6574
7232 7232
437 437
5929 5929
3299 3299
7086 7086
7772 7772
8538 8538
225 225
9795 9795
7097 7097
7835 7835
6510 6510
7594 7594
2337 2337
6547 6547
1474 1474
356 356
8713 8713
8188 8188
3281 3281
5944 5944
70 70
7155 7155
9643 9643
6768 6768
1839 1839
3991 3991
6446 6446
7451 7451
6637 6637
3568 3568
6294 6294
6450 6450
5041 5041
3001 3001
5162 5162
6282 6282
5278 5278
6351 6351
2032 2032
1674 1674
2058 2058
4383 4383
7387 7387
3187 3187
3235 3235
3529 3529
9680 9680
8123 8123
9023 9023
9070 9070
5660 5660
8216 8216
1715 1715
9609 9609
4716 4716
9188 9188
997 997
1078 1078
9461 9461
3555 3555
9544 9544
2842 2842
6258 6258
3588 3588
7855 7855
9866 9866
9943 9943
4372 4372
8326 8326
5907 5907
6485 6485
39 39
2674 2674
1846 1846
2217 2217
3043 3043
1298 1298
9996 9996
7555 7555
4676 4676
722 722
2531 2531
8801 8801
6502 6502
873 873
7074 7074
4645 4645
5372 5372
6086 6086
9097 9097
8344 8344
6287 6287
1871 1871
169 169
4913 4913
1208 1208
6379 6379
1784 1784
3872 3872
4314 4314
7077 7077
374 374
3167 3167
261 261
5709 5709
2957 2957
3994 3994
9244 9244
2317 2317
4555 4555
4212 4212
5477 5477
7599 7599
7286 7286
2227 2227
5034 5034
7882 7882
4447 4447
1832 1832
8444 8444
9299 9299
4152 4152
1939 1939
2503 2503
5650 5650
7979 7979
2533 2533
6915 6915
9818 9818
1282 1282
4575 4575
7326 7326
229 229
5208 5208
7113 7113
4452 4452
835 835
9699 9699
6834 6834
4274 4274
492 492
8470 8470
4044 4044
7031 7031
5384 5384
3017 3017
966 966
1194 1194
5732 5732
9148 9148
1951 1951
9122 9122
4379 4379
6504 6504
7311 7311
6203 6203
1584 1584
8473 8473
6250 6250
8868 8868
3280 3280
5259 5259
6479 6479
607 607
7004 7004
2735 2735
8142 8142
8209 8209
5334 5334
4826 4826
9712 9712
1330 1330
7986 7986
4427 4427
812 812
9310 9310
9762 9762
5420 5420
9512 9512
5985 5985
8506 8506
1509 1509
6647 6647
9717 9717
6651 6651
3093 3093
2724 2724
8242 8242
5783 5783
3877 3877
8140 8140
9452 9452
6889 6889
8226 8226
6723 6723
1410 1410
5741 5741
6830 6830
8884 8884
6660 6660
8853 8853
6457 6457
9081 9081
8833 8833
9217 9217
5953 5953
2841 2841
3245 3245
4586 4586
2977 2977
6051 6051
5176 5176
3519 3519
7269 7269
9347 9347
3928 3928
360 360
9579 9579
4243 4243
963 963
8054 8054
4852 4852
6357 6357
8783 8783
9467 9467
8797 8797
20 20
7910 7910
6070 6070
353 353
2143 2143
8341 8341
7262 7262
5503 5503
4787 4787
9911 9911
9558 9558
5990 5990
1049 1049
2697 2697
3459 3459
8889 8889
2045 2045
9397 9397
4448 4448
9951 9951
5383 5383
1089 1089
1646 1646
5171 5171
1174 1174
7437 7437
8485 8485
27 27
9555 9555
8535 8535
9479 9479
3652 3652
4105 4105
8159 8159
8553 8553
2969 2969
2268 2268
4855 4855
1529 1529
5943 5943
3051 3051
9372 9372
487 487
7034 7034
8971 8971
2872 2872
5350 5350
7296 7296
4828 4828
6661 6661
9546 9546
5927 5927
9856 9856
3590 3590
222 222
367 367
9980 9980
8247 8247
5922 5922
1297 1297
6988 6988
3244 3244
3634 3634
7411 7411
3337 3337
9387 9387
3278 3278
5099 5099
224 224
6341 6341
2476 2476
3482 3482
9670 9670
2913 2913
8966 8966
2675 2675
8497 8497
8433 8433
7552 7552
7883 7883
8063 8063
2651 2651
3659 3659
5791 5791
5145 5145
3886 3886
9429 9429
693 693
226 226
8256 8256
7863 7863
2376 2376
3635 3635
6513 6513
9146 9146
3937 3937
8197 8197
4202 4202
3514 3514
3228 3228
6712 6712
779 779
9902 9902
9007 9007
2091 2091
1027 1027
3042 3042
7797 7797
175 175
1740 1740
463 463
9936 9936
1016 1016
9802 9802
8234 8234
1811 1811
8055 8055
4802 4802
6635 6635
3808 3808
4946 4946
8462 8462
7988 7988
3703 3703
9757 9757
2579 2579
87 87
7623 7623
670 670
4437 4437
6958 6958
9516 9516
5453 5453
6759 6759
8569 8569
5870 5870
9184 9184
5314 5314
1785 1785
1422 1422
5584 5584
6630 6630
1508 1508
3995 3995
609 609
584 584
7367 7367
4684 4684
5493 5493
2287 2287
3728 3728
6561 6561
5262 5262
8843 8843
591 591
4810 4810
8235 8235
6127 6127
5784 5784
124 124
7449 7449
377 377
1352 1352
1445 1445
5064 5064
2028 2028
2988 2988
5633 5633
8329 8329
2575 2575
3139 3139
6163 6163
2723 2723
447 447
5703 5703
8592 8592
962 962
9765 9765
7992 7992
8145 8145
5487 5487
8475 8475
7997 7997
4374 4374
2202 2202
9981 9981
9055 9055
8908 8908
8545 8545
6291 6291
3960 3960
170 170
527 527
2892 2892
7542 7542
5508 5508
2211 2211
9768 9768
2041 2041
8542 8542
6867 6867
7593 7593
2967 2967
5304 5304
3096 3096
4211 4211
1712 1712
956 956
9941 9941
3902 3902
8143 8143
3650 3650
5661 5661
5273 5273
5718 5718
7689 7689
177 177
1670 1670
3175 3175
6855 6855
9471 9471
788 788
5763 5763
1042 1042
5525 5525
7972 7972
8990 8990
5095 5095
1003 1003
4489 4489
4557 4557
3425 3425
8597 8597
3601 3601
7765 7765
7941 7941
3127 3127
2088 2088
8625 8625
5765 5765
8005 8005
7320 7320
9882 9882
1643 1643
5407 5407
3089 3089
3149 3149
1860 1860
2701 2701
940 940
9303 9303
683 683
7900 7900
6078 6078
4799 4799
2119 2119
5014 5014
2025 2025
996 996
7583 7583
1906 1906
6081 6081
3665 3665
3938 3938
968 968
270 270
5467 5467
3454 3454
7896 7896
4604 4604
4636 4636
8114 8114
7221 7221
430 430
8891 8891
5598 5598
7777 7777
7503 7503
3118 3118
4486 4486
5486 5486
4976 4976
293 293
8894 8894
5849 5849
3498 3498
2560 2560
7991 7991
8133 8133
1238 1238
3773 3773
4764 4764
361 361
8191 8191
8913 8913
460 460
7933 7933
5473 5473
5945 5945
9691 9691
1506 1506
3706 3706
2082 2082
3594 3594
6566 6566
1136 1136
7803 7803
2050 2050
5899 5899
7416 7416
7968 7968
5607 5607
3178 3178
6880 6880
5406 5406
4911 4911
6735 6735
9636 9636
292 292
3265 3265
1122 1122
1471 1471
8567 8567
1093 1093
3565 3565
9369 9369
6757 6757
3540 3540
1538 1538
3496 3496
2544 2544
8901 8901
3806 3806
540 540
1714 1714
3804 3804
8472 8472
3782 3782
9753 9753
3367 3367
781 781
7197 7197
4345 4345
2917 2917
4891 4891
687 687
1955 1955
2224 2224
7365 7365
3462 3462
5719 5719
9909 9909
8200 8200
971 971
8343 8343
4409 4409
6814 6814
3656 3656
3108 3108
1790 1790
4569 4569
8986 8986
1903 1903
7328 7328
9282 9282
2743 2743
9789 9789
3923 3923
115 115
8617 8617
1154 1154
8563 8563
6840 6840
4890 4890
2352 2352
1363 1363
6920 6920
319 319
4573 4573
2185 2185
8573 8573
9025 9025
5864 5864
1475 1475
1290 1290
1012 1012
1807 1807
2893 2893
2205 2205
7094 7094
3222 3222
4809 4809
1110 1110
1477 1477
2584 2584
2973 2973
3873 3873
9838 9838
8388 8388
5933 5933
983 983
2232 2232
4875 4875
1385 1385
2445 2445
485 485
428 428
7778 7778
1144 1144
6097 6097
8942 8942
2286 2286
6110 6110
109 109
803 803
8403 8403
4951 4951
9788 9788
6964 6964
4602 4602
9732 9732
5989 5989
6769 6769
7218 7218
8732 8732
3255 3255
4713 4713
3654 3654
2199 2199
3574 3574
5480 5480
7122 7122
7102 7102
4277 4277
1856 1856
7995 7995
9905 9905
4071 4071
329 329
3814 3814
4768 4768
3582 3582
3188 3188
4678 4678
4164 4164
7602 7602
3153 3153
8067 8067
6627 6627
639 639
8010 8010
1370 1370
3052 3052
9039 9039
2035 2035
8849 8849
3314 3314
9552 9552
3822 3822
4851 4851
2485 2485
86 86
960 960
9518 9518
2578 2578
6509 6509
6008 6008
2849 2849
7323 7323
9060 9060
1281 1281
3992 3992
4637 4637
4867 4867
4302 4302
3649 3649
205 205
7798 7798
706 706
2648 2648
806 806
8513 8513
9472 9472
6761 6761
9621 9621
8249 8249
5629 5629
7450 7450
1606 1606
8730 8730
5597 5597
5489 5489
4748 4748
9143 9143
3119 3119
7443 7443
7936 7936
8148 8148
2483 2483
9639 9639
493 493
3922 3922
7942 7942
5527 5527
2719 2719
3736 3736
1296 1296
5837 5837
3350 3350
8738 8738
9457 9457
3237 3237
6378 6378
6248 6248
2361 2361
5083 5083
4170 4170
7906 7906
8463 8463
7258 7258
8886 8886
1604 1604
8963 8963
9044 9044
4053 4053
3249 3249
9889 9889
1323 1323
7301 7301
9578 9578
8648 8648
1280 1280
9117 9117
6230 6230
1075 1075
3897 3897
8178 8178
2860 2860
1969 1969
5217 5217
5195 5195
6904 6904
4189 4189
3144 3144
9848 9848
3500 3500
2283 2283
7136 7136
9914 9914
5382 5382
1880 1880
7751 7751
6456 6456
9576 9576
4988 4988
4249 4249
8251 8251
5817 5817
3284 3284
9115 9115
9704 9704
9263 9263
8580 8580
862 862
1166 1166
3858 3858
6816 6816
5035 5035
6157 6157
8695 8695
9137 9137
4892 4892
5665 5665
2981 2981
412 412
7833 7833
8270 8270
3816 3816
2033 2033
3079 3079
7289 7289
3449 3449
7826 7826
4953 4953
1621 1621
8692 8692
6668 6668
6426 6426
7490 7490
1317 1317
649 649
5445 5445
9635 9635
119 119
3954 3954
6380 6380
7013 7013
7128 7128
4923 4923
470 470
2081 2081
2896 2896
5514 5514
9694 9694
5967 5967
3404 3404
9407 9407
2174 2174
7548 7548
684 684
7952 7952
9892 9892
2451 2451
4480 4480
5930 5930
7636 7636
531 531
7551 7551
9869 9869
6200 6200
7780 7780
4803 4803
1685 1685
988 988
8150 8150
7650 7650
4025 4025
8505 8505
391 391
6023 6023
4294 4294
514 514
5018 5018
4017 4017
624 624
2542 2542
2095 2095
9780 9780
4595 4595
6596 6596
5033 5033
952 952
4246 4246
178 178
4977 4977
9833 9833
3527 3527
5901 5901
4719 4719
7331 7331
9736 9736
6881 6881
2204 2204
4313 4313
6508 6508
753 753
7971 7971
3583 3583
536 536
9302 9302
254 254
272 272
6182 6182
7953 7953
6983 6983
2553 2553
8448 8448
3218 3218
1253 1253
8360 8360
6944 6944
5490 5490
1971 1971
6123 6123
239 239
5711 5711
6057 6057
157 157
5855 5855
2862 2862
612 612
3133 3133
2348 2348
6467 6467
5698 5698
8855 8855
1266 1266
9625 9625
3402 3402
843 843
3340 3340
9165 9165
4616 4616
1640 1640
2563 2563
3688 3688
474 474
1085 1085
2043 2043
581 581
2499 2499
6278 6278
9597 9597
3765 3765
1544 1544
6823 6823
5809 5809
6936 6936
5500 5500
2452 2452
8559 8559
5572 5572
2397 2397
7404 7404
4067 4067
6540 6540
8950 8950
6691 6691
6136 6136
8543 8543
8807 8807
4351 4351
9850 9850
4545 4545
262 262
2948 2948
209 209
2882 2882
7727 7727
26 26
9858 9858
2435 2435
271 271
8975 8975
9898 9898
3313 3313
1462 1462
8964 8964
4250 4250
4 4
4354 4354
6215 6215
3713 3713
555 555
759 759
9854 9854
1575 1575
808 808
992 992
7445 7445
3073 3073
85 85
5205 5205
6667 6667
8945 8945
7257 7257
3022 3022
3066 3066
5618 5618
4282 4282
9657 9657
2713 2713
5977 5977
7222 7222
3320 3320
8808 8808
7249 7249
8892 8892
5219 5219
522 522
8186 8186
4845 4845
5609 5609
9141 9141
449 449
4182 4182
436 436
1454 1454
2661 2661
7904 7904
7506 7506
9099 9099
3 3
3636 3636
7438 7438
2744 2744
6923 6923
2415 2415
1569 1569
620 620
7378 7378
4783 4783
6001 6001
3428 3428
9375 9375
7665 7665
1921 1921
899 899
1401 1401
9997 9997
1262 1262
9984 9984
1786 1786
1344 1344
7422 7422
9462 9462
819 819
81 81
7585 7585
2590 2590
328 328
7974 7974
6606 6606
2401 2401
686 686
6279 6279
3936 3936
84 84
5377 5377
7709 7709
964 964
4756 4756
144 144
570 570
7002 7002
9483 9483
4587 4587
8081 8081
7176 7176
8499 8499
2307 2307
5492 5492
6407 6407
3791 3791
7993 7993
755 755
1190 1190
6576 6576
3134 3134
2431 2431
1350 1350
5587 5587
9564 9564
5069 5069
4019 4019
3150 3150
7546 7546
5555 5555
1326 1326
4970 4970
3227 3227
9868 9868
2195 2195
9881 9881
409 409
4949 4949
7153 7153
5 5
8474 8474
5897 5897
7497 7497
5657 5657
5729 5729
537 537
932 932
4831 4831
7374 7374
4711 4711
5920 5920
9731 9731
3917 3917
3169 3169
79 79
9885 9885
4639 4639
8806 8806
6024 6024
7069 7069
3720 3720
2725 2725
6137 6137
7319 7319
8759 8759
4080 4080
8195 8195
723 723
1884 1884
7205 7205
608 608
651 651
1844 1844
6674 6674
5264 5264
6545 6545
5793 5793
8281 8281
3005 3005
6135 6135
4721 4721
6518 6518
8323 8323
2791 2791
6559 6559
3605 3605
9806 9806
6779 6779
3548 3548
1867 1867
9153 9153
7607 7607
3131 3131
2061 2061
4204 4204
6563 6563
9476 9476
4147 4147
7708 7708
6347 6347
269 269
6253 6253
425 425
6208 6208
4888 4888
4620 4620
9091 9091
5569 5569
7324 7324
9243 9243
829 829
7246 7246
3189 3189
7179 7179
9809 9809
2591 2591
6197 6197
1602 1602
9403 9403
1932 1932
2311 2311
6828 6828
719 719
2887 2887
4514 4514
5513 5513
90 90
498 498
3843 3843
2139 2139
7072 7072
2580 2580
4347 4347
7885 7885
1872 1872
3849 3849
237 237
6980 6980
1051 1051
9926 9926
9113 9113
5059 5059
7639 7639
7848 7848
7520 7520
5109 5109
1713 1713
8338 8338
9513 9513
3717 3717
2514 2514
2838 2838
2236 2236
5717 5717
599 599
9688 9688
8961 8961
2952 2952
1148 1148
7063 7063
9082 9082
9707 9707
770 770
838 838
8409 8409
4028 4028
6710 6710
6195 6195
8263 8263
5465 5465
7420 7420
2085 2085
5389 5389
4692 4692
8871 8871
5414 5414
2879 2879
9393 9393
6102 6102
9022 9022
2524 2524
4066 4066
4997 4997
1537 1537
9167 9167
7946 7946
3513 3513
6277 6277
286 286
4669 4669
9171 9171
3899 3899
7713 7713
3815 3815
1187 1187
7025 7025
8984 8984
9425 9425
5454 5454
7313 7313
626 626
5258 5258
6061 6061
6959 6959
3398 3398
5366 5366
1334 1334
5767 5767
4284 4284
1141 1141
1269 1269
8987 8987
4955 4955
6579 6579
4881 4881
2303 2303
8278 8278
2011 2011
7537 7537
1307 1307
9590 9590
9620 9620
7295 7295
4438 4438
5626 5626
878 878
6295 6295
3154 3154
3956 3956
2638 2638
8723 8723
3951 3951
9807 9807
8869 8869
55 55
4373 4373
315 315
5202 5202
3234 3234
2519 2519
677 677
4157 4157
3357 3357
8978 8978
1499 1499
7341 7341
7362 7362
7830 7830
6231 6231
1949 1949
8771 8771
2516 2516
1019 1019
9493 9493
9710 9710
6362 6362
2464 2464
3390 3390
3572 3572
760 760
8071 8071
2065 2065
3098 3098
4295 4295
467 467
1130 1130
435 435
622 622
381 381
3335 3335
6745 6745
3841 3841
296 296
9389 9389
5676 5676
505 505
3603 3603
2890 2890
8039 8039
5012 5012
5825 5825
8347 8347
8668 8668
5071 5071
4483 4483
2782 2782
7458 7458
6593 6593
8446 8446
5874 5874
2783 2783
1812 1812
6850 6850
6883 6883
3466 3466
22 22
1183 1183
9673 9673
3251 3251
8118 8118
9124 9124
2156 2156
3215 3215
849 849
5358 5358
281 281
1641 1641
7264 7264
7487 7487
2612 2612
3692 3692
7292 7292
2556 2556
8141 8141
7293 7293
1613 1613
1185 1185
9605 9605
1455 1455
4910 4910
9215 9215
5988 5988
3780 3780
2020 2020
3965 3965
3352 3352
1258 1258
9075 9075
4964 4964
259 259
921 921
842 842
2048 2048
1988 1988
7838 7838
9292 9292
3036 3036
6815 6815
2136 2136
9797 9797
6100 6100
7977 7977
7357 7357
1432 1432
2060 2060
7039 7039
6264 6264
8413 8413
9368 9368
1449 1449
4750 4750
9408 9408
5494 5494
5342 5342
9135 9135
9154 9154
7759 7759
1213 1213
7151 7151
4798 4798
7075 7075
3999 3999
1625 1625
9718 9718
8370 8370
4829 4829
4129 4129
9444 9444
7207 7207
2899 2899
7368 7368
8241 8241
2854 2854
1669 1669
1762 1762
1289 1289
233 233
5786 5786
5201 5201
8273 8273
8582 8582
5854 5854
2994 2994
7123 7123
5163 5163
344 344
4936 4936
6604 6604
461 461
1708 1708
6246 6246
8356 8356
7610 7610
7459 7459
331 331
2241 2241
7403 7403
1766 1766
1840 1840
6701 6701
8020 8020
6719 6719
8464 8464
7783 7783
171 171
8527 8527
2406 2406
1507 1507
7480 7480
7057 7057
2963 2963
3184 3184
3279 3279
9979 9979
6305 6305
1566 1566
1372 1372
9424 9424
8622 8622
4125 4125
7087 7087
3493 3493
7601 7601
6296 6296
7625 7625
5325 5325
7461 7461
3946 3946
1720 1720
304 304
4422 4422
9388 9388
2539 2539
8131 8131
1007 1007
7515 7515
6571 6571
851 851
674 674
9187 9187
894 894
7821 7821
5421 5421
745 745
2845 2845
984 984
8584 8584
3324 3324
383 383
728 728
1329 1329
2543 2543
865 865
5265 5265
685 685
8254 8254
9379 9379
5778 5778
5175 5175
7159 7159
313 313
6535 6535
349 349
4470 4470
8607 8607
1149 1149
915 915
9116 9116
5659 5659
3912 3912
5878 5878
5460 5460
2762 2762
6625 6625
5177 5177
2428 2428
3341 3341
1842 1842
7302 7302
9751 9751
1197 1197
6095 6095
8245 8245
949 949
4841 4841
4544 4544
5759 5759
5881 5881
1277 1277
2488 2488
8551 8551
9350 9350
4646 4646
5645 5645
867 867
7460 7460
6775 6775
5410 5410
9661 9661
1802 1802
4103 4103
387 387
5306 5306
98 98
8562 8562
5244 5244
807 807
3207 3207
4449 4449
2154 2154
2249 2249
4782 4782
4176 4176
3334 3334
1686 1686
3721 3721
3510 3510
7654 7654
8239 8239
4055 4055
5169 5169
502 502
5254 5254
9851 9851
4264 4264
7890 7890
5320 5320
8194 8194
2996 2996
7005 7005
8266 8266
8662 8662
2716 2716
434 434
1954 1954
6284 6284
3856 3856
3084 3084
4012 4012
9142 9142
9921 9921
186 186
9482 9482
5146 5146
3807 3807
422 422
4556 4556
6729 6729
8190 8190
4729 4729
3683 3683
4805 4805
7139 7139
4142 4142
3674 3674
6062 6062
6373 6373
8959 8959
2194 2194
6749 6749
893 893
7621 7621
2349 2349
3607 3607
3238 3238
2658 2658
6331 6331
8745 8745
8049 8049
347 347
2696 2696
6048 6048
6941 6941
4708 4708
913 913
4632 4632
7580 7580
6336 6336
7169 7169
1676 1676
4082 4082
6772 6772
7170 7170
7676 7676
3883 3883
7554 7554
8232 8232
1493 1493
7140 7140
4592 4592
3697 3697
2787 2787
8280 8280
8684 8684
5216 5216
9335 9335
2535 2535
766 766
9073 9073
1972 1972
8979 8979
2676 2676
3031 3031
9431 9431
4399 4399
7662 7662
2894 2894
4762 4762
263 263
8703 8703
4389 4389
4858 4858
8650 8650
8865 8865
870 870
519 519
8402 8402
3297 3297
4917 4917
7763 7763
6375 6375
750 750
5941 5941
3794 3794
6825 6825
2671 2671
9913 9913
3779 3779
3487 3487
4838 4838
2814 2814
9189 9189
9715 9715
9946 9946
1759 1759
8583 8583
9067 9067
6756 6756
8298 8298
6009 6009
1010 1010
9999 9999
1331 1331
4116 4116
8072 8072
6486 6486
107 107
6484 6484
8826 8826
9195 9195
1348 1348
9836 9836
3547 3547
4426 4426
3971 3971
5699 5699
8537 8537
8809 8809
8939 8939
4983 4983
7082 7082
6330 6330
8391 8391
9454 9454
3349 3349
1705 1705
4697 4697
2027 2027
6662 6662
5253 5253
6397 6397
4386 4386
9245 9245
6455 6455
9782 9782
9927 9927
8654 8654
3252 3252
8735 8735
6695 6695
6675 6675
6399 6399
3474 3474
5627 5627
3824 3824
8734 8734
2945 2945
54 54
5925 5925
6188 6188
931 931
9439 9439
8303 8303
7200 7200
4779 4779
9319 9319
8252 8252
9495 9495
1696 1696
4596 4596
941 941
8627 8627
7872 7872
9323 9323
7869 7869
7303 7303
3531 3531
5605 5605
6499 6499
8791 8791
2170 2170
4987 4987
322 322
7189 7189
8657 8657
8845 8845
5949 5949
9647 9647
5373 5373
6803 6803
2508 2508
2389 2389
4464 4464
5239 5239
1198 1198
2482 2482
9155 9155
7680 7680
3374 3374
2689 2689
4847 4847
5748 5748
1470 1470
9371 9371
9689 9689
2052 2052
8230 8230
792 792
2693 2693
3890 3890
6763 6763
6149 6149
4443 4443
8471 8471
7162 7162
4031 4031
7573 7573
5318 5318
507 507
1658 1658
6766 6766
8838 8838
4961 4961
3136 3136
6760 6760
7391 7391
7024 7024
7985 7985
3517 3517
9860 9860
9128 9128
958 958
9574 9574
5235 5235
4387 4387
4722 4722
4075 4075
9526 9526
3653 3653
8272 8272
3009 3009
206 206
2765 2765
6306 6306
9994 9994
4515 4515
5752 5752
4213 4213
5621 5621
9405 9405
244 244
2319 2319
1633 1633
4167 4167
5399 5399
1568 1568
814 814
2467 2467
2776 2776
4052 4052
5271 5271
357 357
6130 6130
8103 8103
8539 8539
3479 3479
1398 1398
418 418
9088 9088
2745 2745
2536 2536
6842 6842
4944 4944
3290 3290
9463 9463
5802 5802
64 64
8638 8638
4534 4534
10 10
1573 1573
5245 5245
5042 5042
883 883
4070 4070
7618 7618
7359 7359
6534 6534
3416 3416
3940 3940
2966 2966
1797 1797
2489 2489
6551 6551
535 535
6994 6994
9745 9745
6614 6614
9508 9508
1554 1554
9703 9703
7861 7861
9200 9200
1170 1170
6443 6443
4624 4624
659 659
3778 3778
3064 3064
1193 1193
1044 1044
4960 4960
9290 9290
1333 1333
7413 7413
7563 7563
3477 3477
1103 1103
1066 1066
4843 4843
9306 9306
1452 1452
9198 9198
3830 3830
8558 8558
308 308
2753 2753
4681 4681
8989 8989
2135 2135
3896 3896
2511 2511
5134 5134
4752 4752
1793 1793
2251 2251
1870 1870
3657 3657
2902 2902
8998 8998
5036 5036
8484 8484
2747 2747
7482 7482
6862 6862
6190 6190
5260 5260
1242 1242
8330 8330
3339 3339
1987 1987
7251 7251
4171 4171
1276 1276
9596 9596
7456 7456
3426 3426
6554 6554
7795 7795
9770 9770
5666 5666
9459 9459
7351 7351
9268 9268
2051 2051
8334 8334
3438 3438
7629 7629
2252 2252
1028 1028
4728 4728
1798 1798
6515 6515
2134 2134
1923 1923
5688 5688
4736 4736
5903 5903
6064 6064
4306 4306
4326 4326
6578 6578
2254 2254
6214 6214
274 274
3505 3505
720 720
5427 5427
567 567
7154 7154
7811 7811
3962 3962
5211 5211
3715 3715
1707 1707
5715 5715
4221 4221
5592 5592
875 875
9046 9046
7389 7389
8354 8354
6374 6374
2526 2526
6488 6488
5954 5954
4880 4880
4869 4869
8736 8736
9727 9727
3947 3947
5307 5307
9002 9002
7372 7372
8565 8565
5160 5160
2305 2305
9865 9865
4931 4931
6827 6827
1418 1418
4324 4324
3059 3059
9158 9158
9771 9771
9057 9057
1591 1591
3967 3967
1710 1710
4064 4064
7839 7839
4413 4413
2355 2355
1789 1789
8478 8478
3354 3354
3243 3243
2104 2104
6430 6430
9975 9975
739 739
9864 9864
3094 3094
587 587
7706 7706
855 855
2600 2600
1723 1723
2520 2520
3615 3615
9783 9783
2886 2886
4667 4667
9343 9343
9801 9801
2660 2660
6360 6360
392 392
2727 2727
8600 8600
4853 4853
3359 3359
4820 4820
7606 7606
3711 3711
2949 2949
3311 3311
172 172
5935 5935
6592 6592
5156 5156
4397 4397
2761 2761
6249 6249
9559 9559
6498 6498
864 864
5871 5871
1679 1679
1205 1205
8422 8422
140 140
3494 3494
446 446
6106 6106
5001 5001
8089 8089
197 197
2071 2071
2123 2123
3429 3429
4132 4132
5345 5345
8262 8262
2901 2901
4872 4872
5824 5824
3261 3261
5606 5606
2551 2551
1845 1845
3437 3437
3523 3523
8683 8683
8686 8686
4288 4288
131 131
7337 7337
7181 7181
5971 5971
187 187
6260 6260
9216 9216
4029 4029
2728 2728
8386 8386
427 427
163 163
9109 9109
6681 6681
9995 9995
6658 6658
6235 6235
3239 3239
5562 5562
8359 8359
8931 8931
8739 8739
3678 3678
7202 7202
358 358
404 404
8779 8779
6960 6960
258 258
9422 9422
6439 6439
5149 5149
2802 2802
8085 8085
3920 3920
3322 3322
8466 8466
6533 6533
7975 7975
246 246
5409 5409
869 869
5743 5743
1560 1560
1516 1516
1324 1324
8754 8754
9032 9032
2353 2353
5557 5557
6650 6650
9587 9587
2247 2247
3796 3796
448 448
2868 2868
3537 3537
4520 4520
3551 3551
1521 1521
640 640
9738 9738
3832 3832
1892 1892
3988 3988
8814 8814
9312 9312
2587 2587
8405 8405
2446 2446
1492 1492
9227 9227
6281 6281
1482 1482
6618 6618
333 333
7920 7920
673 673
3259 3259
6311 6311
630 630
2040 2040
1043 1043
2256 2256
9006 9006
7206 7206
5521 5521
7021 7021
4089 4089
5770 5770
1 1
2478 2478
7425 7425
4819 4819
1909 1909
3501 3501
7203 7203
3417 3417
4484 4484
6193 6193
1250 1250
8944 8944
1763 1763
8522 8522
7902 7902
4959 4959
161 161
3143 3143
6598 6598
9132 9132
5441 5441
4973 4973
5396 5396
3294 3294
896 896
5684 5684
877 877
8628 8628
530 530
7634 7634
2492 2492
3785 3785
5027 5027
6464 6464
8050 8050
1549 1549
9964 9964
97 97
2325 2325
8228 8228
2515 2515
3893 3893
3026 3026
243 243
944 944
9050 9050
8577 8577
8384 8384
8480 8480
7925 7925
2561 2561
9541 9541
7036 7036
2566 2566
7279 7279
8645 8645
8490 8490
5215 5215
3273 3273
5501 5501
5091 5091
9411 9411
8708 8708
6447 6447
4640 4640
3329 3329
548 548
1514 1514
545 545
5994 5994
388 388
5228 5228
208 208
9240 9240
3246 3246
8113 8113
9247 9247
6233 6233
167 167
9256 9256
1279 1279
3518 3518
4863 4863
9203 9203
2659 2659
5533 5533
6511 6511
2920 2920
7259 7259
4248 4248
9603 9603
9061 9061
6709 6709
4674 4674
6141 6141
6525 6525
10000 10000
6115 6115
5798 5798
2140 2140
6708 6708
2226 2226
6906 6906
6363 6363
9125 9125
4126 4126
6853 6853
1926 1926
9246 9246
5187 5187
2554 2554
3208 3208
2332 2332
3766 3766
3949 3949
618 618
213 213
7329 7329
5198 5198
4219 4219
4444 4444
5695 5695
8706 8706
7470 7470
8951 8951
3926 3926
8125 8125
8087 8087
6808 6808
5074 5074
2861 2861
1067 1067
1395 1395
5182 5182
100 100
3420 3420
6677 6677
1107 1107
7717 7717
7994 7994
3209 3209
773 773
8021 8021
7084 7084
4502 4502
7168 7168
8626 8626
5113 5113
6325 6325
5886 5886
2857 2857
395 395
1167 1167
5940 5940
3573 3573
694 694
2997 2997
4744 4744
3305 3305
7907 7907
4377 4377
4653 4653
3894 3894
8110 8110
8728 8728
7825 7825
1561 1561
9436 9436
2285 2285
5341 5341
6427 6427
6084 6084
747 747
3447 3447
6812 6812
1241 1241
3799 3799
5590 5590
5139 5139
1152 1152
2649 2649
1286 1286
1675 1675
1587 1587
3943 3943
1535 1535
3132 3132
4612 4612
3021 3021
8410 8410
8610 8610
8130 8130
2383 2383
5928 5928
3054 3054
978 978
2301 2301
214 214
5240 5240
4695 4695
3748 3748
8243 8243
6418 6418
8804 8804
153 153
5434 5434
366 366
8898 8898
6238 6238
9669 9669
7198 7198
3616 3616
9080 9080
2330 2330
9681 9681
4078 4078
7801 7801
9511 9511
4694 4694
6655 6655
6 6
5923 5923
6984 6984
676 676
7115 7115
9883 9883
740 740
6908 6908
5960 5960
9182 9182
2847 2847
7705 7705
8155 8155
8002 8002
9989 9989
6322 6322
8846 8846
4749 4749
7174 7174
4992 4992
1305 1305
4754 4754
5848 5848
5047 5047
7006 7006
3048 3048
6726 6726
7050 7050
8265 8265
6453 6453
3293 3293
4342 4342
1981 1981
6326 6326
6105 6105
4585 4585
4878 4878
3483 3483
4811 4811
9935 9935
1054 1054
5762 5762
561 561
7655 7655
9179 9179
4915 4915
8758 8758
636 636
452 452
637 637
7171 7171
2090 2090
1230 1230
7533 7533
3867 3867
5236 5236
5133 5133
6140 6140
5517 5517
5779 5779
783 783
7737 7737
1484 1484
7956 7956
9440 9440
7881 7881
885 885
9317 9317
4512 4512
3900 3900
1495 1495
9249 9249
2843 2843
9790 9790
3097 3097
1668 1668
4862 4862
4123 4123
4178 4178
4401 4401
6167 6167
4691 4691
9978 9978
8337 8337
8393 8393
9222 9222
8722 8722
1200 1200
3397 3397
8325 8325
6273 6273
9348 9348
5044 5044
4050 4050
4938 4938
4916 4916
5123 5123
8589 8589
8434 8434
2634 2634
5986 5986
4310 4310
8529 8529
4412 4412
1866 1866
7626 7626
6939 6939
7158 7158
2152 2152
1648 1648
4119 4119
6487 6487
3624 3624
5223 5223
8752 8752
4392 4392
2807 2807
9264 9264
2456 2456
721 721
1655 1655
499 499
2837 2837
9489 9489
1021 1021
6125 6125
1306 1306
8269 8269
464 464
1877 1877
9193 9193
1479 1479
6198 6198
7919 7919
9711 9711
6395 6395
104 104
4488 4488
5586 5586
6263 6263
5316 5316
9937 9937
3687 3687
7561 7561
142 142
2652 2652
3405 3405
9922 9922
5072 5072
3182 3182
6352 6352
6556 6556
8310 8310
6679 6679
4305 4305
4022 4022
2173 2173
3275 3275
4699 4699
8866 8866
7969 7969
6789 6789
5232 5232
3088 3088
5103 5103
4611 4611
2598 2598
1876 1876
7059 7059
3857 3857
1047 1047
5634 5634
3159 3159
3915 3915
276 276
9722 9722
1978 1978
5419 5419
7731 7731
5834 5834
1343 1343
421 421
1199 1199
1868 1868
937 937
6066 6066
4217 4217
8787 8787
9181 9181
450 450
2577 2577
6386 6386
3718 3718
9740 9740
6032 6032
8196 8196
5794 5794
4341 4341
1172 1172
6704 6704
9281 9281
6849 6849
5578 5578
7723 7723
7857 7857
8182 8182
7785 7785
5440 5440
7959 7959
6885 6885
4086 4086
1654 1654
1809 1809
7433 7433
8540 8540
6819 6819
8753 8753
117 117
2826 2826
1052 1052
4552 4552
5804 5804
3497 3497
1657 1657
2512 2512
9796 9796
6517 6517
5417 5417
8887 8887
824 824
2207 2207
5615 5615
2365 2365
1228 1228
4265 4265
7281 7281
8127 8127
9172 9172
7596 7596
9895 9895
1957 1957
2391 2391
7784 7784
7999 7999
1804 1804
9686 9686
7712 7712
465 465
4416 4416
961 961
2888 2888
6537 6537
4079 4079
3982 3982
3478 3478
4559 4559
8007 8007
853 853
3071 3071
3731 3731
9178 9178
1810 1810
1489 1489
1548 1548
8697 8697
2756 2756
1293 1293
4854 4854
8947 8947
1551 1551
3684 3684
5279 5279
4337 4337
7793 7793
7901 7901
5140 5140
4155 4155
3612 3612
7107 7107
7015 7015
918 918
336 336
1616 1616
1426 1426
7688 7688
6603 6603
9261 9261
6884 6884
6432 6432
2941 2941
908 908
3930 3930
9059 9059
6067 6067
4160 4160
2166 2166
7955 7955
6300 6300
7208 7208
4109 4109
4922 4922
2409 2409
2296 2296
5619 5619
5567 5567
433 433
1224 1224
7390 7390
217 217
1661 1661
3776 3776
6582 6582
6192 6192
7715 7715
8451 8451
2329 2329
7672 7672
6777 6777
9121 9121
1634 1634
650 650
1532 1532
7240 7240
3379 3379
9756 9756
7659 7659
3655 3655
7354 7354
5790 5790
5955 5955
475 475
8644 8644
8004 8004
2830 2830
7524 7524
6536 6536
7018 7018
5506 5506
8094 8094
8976 8976
5351 5351
880 880
3125 3125
3460 3460
859 859
5938 5938
3734 3734
3689 3689
2443 2443
1873 1873
7566 7566
1046 1046
2749 2749
1084 1084
7870 7870
3942 3942
4419 4419
223 223
2929 2929
2466 2466
1071 1071
4193 4193
7228 7228
2442 2442
4407 4407
7860 7860
3810 3810
8312 8312
5387 5387
5056 5056
8418 8418
3945 3945
7183 7183
1394 1394
8452 8452
7184 7184
8922 8922
4517 4517
6538 6538
1593 1593
5857 5857
9391 9391
9626 9626
6449 6449
4579 4579
8701 8701
5624 5624
3165 3165
3316 3316
1439 1439
708 708
7003 7003
5654 5654
3351 3351
2157 2157
8630 8630
9584 9584
2621 2621
4993 4993
6256 6256
8420 8420
2331 2331
4701 4701
5158 5158
3787 3787
1063 1063
44 44
6388 6388
3826 3826
9404 9404
417 417
826 826
221 221
7832 7832
9106 9106
7511 7511
1407 1407
7729 7729
3469 3469
5385 5385
771 771
6699 6699
2704 2704
8106 8106
5812 5812
8304 8304
3950 3950
4026 4026
8549 8549
4316 4316
7963 7963
3242 3242
364 364
6804 6804
2532 2532
1821 1821
7379 7379
890 890
4607 4607
634 634
2852 2852
1636 1636
9769 9769
4950 4950
8680 8680
5438 5438
9084 9084
3091 3091
9192 9192
4972 4972
2441 2441
4500 4500
484 484
2935 2935
3543 3543
1106 1106
7446 7446
1642 1642
389 389
6478 6478
6919 6919
6996 6996
4494 4494
6636 6636
6402 6402
7786 7786
9336 9336
9322 9322
7227 7227
7600 7600
4518 4518
4967 4967
2411 2411
2457 2457
6589 6589
2589 2589
8276 8276
8316 8316
8672 8672
9236 9236
2187 2187
9291 9291
9835 9835
2245 2245
7345 7345
6232 6232
2069 2069
1009 1009
9285 9285
4244 4244
1827 1827
9503 9503
8013 8013
3743 3743
574 574
2328 2328
6724 6724
7556 7556
8260 8260
974 974
1792 1792
2903 2903
5740 5740
2593 2593
5446 5446
2055 2055
3932 3932
9175 9175
4505 4505
2784 2784
339 339
3336 3336
8231 8231
1119 1119
6609 6609
4440 4440
6056 6056
7530 7530
4030 4030
6323 6323
3630 3630
9815 9815
2293 2293
1695 1695
1757 1757
4230 4230
4503 4503
9834 9834
7775 7775
6309 6309
7287 7287
9279 9279
3214 3214
8949 8949
3921 3921
7550 7550
6577 6577
6194 6194
2779 2779
4914 4914
3074 3074
8970 8970
8374 8374
5538 5538
192 192
3112 3112
3700 3700
5185 5185
160 160
828 828
9585 9585
4767 4767
5551 5551
2664 2664
1088 1088
4423 4423
5026 5026
5860 5860
1150 1150
7245 7245
8253 8253
102 102
928 928
9041 9041
268 268
1524 1524
9384 9384
2683 2683
9486 9486
6854 6854
4472 4472
4301 4301
6292 6292
1212 1212
8673 8673
6073 6073
3606 3606
1481 1481
7789 7789
3944 3944
8815 8815
3219 3219
1180 1180
9658 9658
2392 2392
4682 4682
4816 4816
5744 5744
5726 5726
5190 5190
9133 9133
8456 8456
8775 8775
5230 5230
6454 6454
1709 1709
7622 7622
8910 8910
6257 6257
1073 1073
5408 5408
7152 7152
2001 2001
3705 3705
6179 6179
1586 1586
1034 1034
7395 7395
2407 2407
8897 8897
3434 3434
4742 4742
6275 6275
5010 5010
2074 2074
5380 5380
1332 1332
516 516
1246 1246
7044 7044
5564 5564
1609 1609
5692 5692
9825 9825
8284 8284
8250 8250
9033 9033
7489 7489
3809 3809
2102 2102
476 476
2129 2129
3738 3738
3984 3984
735 735
7651 7651
1476 1476
7011 7011
9567 9567
3162 3162
9017 9017
2573 2573
456 456
655 655
50 50
1315 1315
9204 9204
2864 2864
8222 8222
5991 5991
6113 6113
5425 5425
5993 5993
7471 7471
2595 2595
1441 1441
5402 5402
2261 2261
8550 8550
4633 4633
5867 5867
6410 6410
955 955
8030 8030
8014 8014
6562 6562
2068 2068
6013 6013
6079 6079
1364 1364
3385 3385
5656 5656
7701 7701
472 472
7166 7166
9812 9812
7982 7982
5204 5204
7940 7940
9464 9464
6302 6302
7290 7290
4128 4128
9709 9709
4073 4073
4485 4485
8534 8534
7142 7142
6892 6892
3082 3082
5029 5029
3562 3562
2418 2418
2380 2380
1534 1534
8820 8820
3046 3046
4093 4093
4714 4714
5084 5084
6982 6982
5545 5545
6874 6874
8309 8309
2335 2335
6334 6334
2736 2736
2449 2449
9509 9509
1358 1358
4971 4971
2197 2197
2677 2677
5856 5856
8656 8656
7343 7343
3033 3033
7693 7693
3193 3193
7332 7332
1605 1605
2921 2921
8038 8038
7929 7929
623 623
5159 5159
4263 4263
5963 5963
1983 1983
9582 9582
9527 9527
7217 7217
980 980
3901 3901
3990 3990
1829 1829
2694 2694
782 782
5820 5820
7132 7132
3727 3727
1820 1820
7698 7698
2461 2461
5210 5210
7632 7632
2592 2592
6316 6316
4672 4672
2099 2099
785 785
9112 9112
4932 4932
9874 9874
3909 3909
9096 9096
5004 5004
2495 2495
5965 5965
6114 6114
4382 4382
3516 3516
1816 1816
4900 4900
4537 4537
7010 7010
5370 5370
8333 8333
8750 8750
1053 1053
2869 2869
4989 4989
9049 9049
995 995
9031 9031
7571 7571
668 668
9971 9971
5141 5141
6039 6039
138 138
5631 5631
9010 9010
53 53
594 594
3292 3292
1959 1959
2208 2208
7248 7248
9086 9086
60 60
3106 3106
4709 4709
3719 3719
7539 7539
2334 2334
7645 7645
3121 3121
797 797
2177 2177
1263 1263
5528 5528
41 41
5499 5499
5132 5132
3931 3931
4610 4610
1513 1513
5118 5118
1433 1433
155 155
2005 2005
7017 7017
1833 1833
9953 9953
2345 2345
8822 8822
6356 6356
9739 9739
2529 2529
1779 1779
8969 8969
9623 9623
5712 5712
9534 9534
4174 4174
8661 8661
3834 3834
7739 7739
6669 6669
7697 7697
2644 2644
5104 5104
6126 6126
4627 4627
5055 5055
3502 3502
9103 9103
6482 6482
3450 3450
3974 3974
3836 3836
2381 2381
3919 3919
7792 7792
9199 9199
7191 7191
8647 8647
2646 2646
1624 1624
500 500
7512 7512
9400 9400
9111 9111
7595 7595
3768 3768
1855 1855
5242 5242
5522 5522
9251 9251
43 43
6926 6926
369 369
9872 9872
6145 6145
7439 7439
1838 1838
3225 3225
4393 4393
695 695
5868 5868
6364 6364
2390 2390
9063 9063
8823 8823
4532 4532
5876 5876
4617 4617
8193 8193
6787 6787
2804 2804
6591 6591
7485 7485
7813 7813
6948 6948
1687 1687
5374 5374
2897 2897
8524 8524
3533 3533
7274 7274
2717 2717
4072 4072
284 284
2695 2695
5754 5754
9465 9465
2995 2995
5147 5147
6527 6527
7943 7943
8812 8812
5038 5038
6722 6722
307 307
8856 8856
558 558
2370 2370
1201 1201
9352 9352
74 74
4323 4323
6732 6732
4758 4758
7223 7223
3887 3887
4200 4200
946 946
2414 2414
2588 2588
8744 8744
8046 8046
3820 3820
5288 5288
3414 3414
5600 5600
5842 5842
9456 9456
7263 7263
49 49
9777 9777
9318 9318
9410 9410
5131 5131
5150 5150
7877 7877
991 991
6560 6560
174 174
4613 4613
488 488
419 419
1996 1996
6003 6003
1133 1133
9730 9730
509 509
378 378
5771 5771
4990 4990
8746 8746
7812 7812
3382 3382
453 453
3142 3142
2999 2999
5368 5368
5295 5295
5957 5957
1132 1132
9682 9682
8236 8236
1964 1964
3567 3567
3027 3027
3618 3618
4591 4591
8481 8481
9766 9766
4330 4330
909 909
3323 3323
4817 4817
9276 9276
1036 1036
4352 4352
4968 4968
1045 1045
5877 5877
7720 7720
4371 4371
8813 8813
8880 8880
2909 2909
34 34
2786 2786
8213 8213
2991 2991
2926 2926
2993 2993
976 976
7653 7653
1567 1567
1460 1460
8192 8192
1099 1099
3587 3587
8715 8715
420 420
9530 9530
1599 1599
2549 2549
6183 6183
7092 7092
5808 5808
5548 5548
2412 2412
3295 3295
4144 4144
4057 4057
2009 2009
6897 6897
6945 6945
6270 6270
2144 2144
2066 2066
8790 8790
4425 4425
5529 5529
2931 2931
6521 6521
6466 6466
1225 1225
75 75
1000 1000
9733 9733
3509 3509
1874 1874
2115 2115
2189 2189
1859 1859
4821 4821
905 905
1038 1038
5716 5716
5883 5883
5050 5050
1227 1227
6129 6129
5292 5292
6400 6400
2604 2604
6458 6458
7116 7116
5143 5143
7894 7894
7754 7754
547 547
6962 6962
156 156
1692 1692
9401 9401
597 597
3325 3325
5745 5745
1427 1427
9383 9383
337 337
6797 6797
3863 3863
2408 2408
5608 5608
3769 3769
1143 1143
6413 6413
4773 4773
7859 7859
6979 6979
3174 3174
3213 3213
3045 3045
3176 3176
5343 5343
9012 9012
72 72
6930 6930
123 123
7757 7757
9517 9517
7640 7640
9693 9693
5152 5152
5057 5057
1989 1989
1008 1008
1581 1581
5496 5496
3291 3291
7493 7493
3775 3775
8160 8160
9480 9480
1113 1113
2259 2259
4978 4978
1976 1976
2737 2737
5266 5266
7766 7766
1540 1540
4741 4741
4220 4220
882 882
8486 8486
1151 1151
615 615
8314 8314
289 289
6764 6764
7856 7856
2219 2219
2075 2075
3480 3480
2939 2939
572 572
2109 2109
2255 2255
6977 6977
8415 8415
7172 7172
6463 6463
6367 6367
121 121
4984 4984
3202 3202
8727 8727
2709 2709
7101 7101
2110 2110
7818 7818
6353 6353
5796 5796
2368 2368
644 644
3643 3643
5495 5495
65 65
2429 2429
7850 7850
3274 3274
5281 5281
4042 4042
4919 4919
4706 4706
4411 4411
1434 1434
2643 2643
3270 3270
2800 2800
8396 8396
663 663
4272 4272
3381 3381
3470 3470
3762 3762
4270 4270
3891 3891
7114 7114
6252 6252
698 698
1808 1808
8211 8211
5673 5673
6733 6733
8212 8212
202 202
4439 4439
7188 7188
3272 3272
1973 1973
5821 5821
5774 5774
1728 1728
2327 2327
7297 7297
8707 8707
5117 5117
6398 6398
2769 2769
7352 7352
7822 7822
709 709
2003 2003
1943 1943
1195 1195
3869 3869
2167 2167
8930 8930
5973 5973
3168 3168
3271 3271
3888 3888
1464 1464
3844 3844
4696 4696
4459 4459
3345 3345
2770 2770
5980 5980
6564 6564
2811 2811
8847 8847
2137 2137
8437 8437
2781 2781
4760 4760
2653 2653
7127 7127
1578 1578
4956 4956
6900 6900
4504 4504
7398 7398
1079 1079
4430 4430
9592 9592
4231 4231
6997 6997
2434 2434
4206 4206
8168 8168
325 325
5116 5116
6346 6346
2356 2356
2297 2297
114 114
1368 1368
4013 4013
5170 5170
2122 2122
8495 8495
6146 6146
2266 2266
4975 4975
1243 1243
5255 5255
7694 7694
654 654
6774 6774
2180 2180
9108 9108
7111 7111
5058 5058
9960 9960
9339 9339
1991 1991
9940 9940
5356 5356
7947 7947
7535 7535
9094 9094
6950 6950
61 61
6016 6016
2309 2309
6541 6541
7908 7908
981 981
9126 9126
2395 2395
7322 7322
4201 4201
1062 1062
2635 2635
2294 2294
5275 5275
4724 4724
6594 6594
2546 2546
6219 6219
9313 9313
68 68
3577 3577
4998 4998
8794 8794
541 541
3289 3289
8614 8614
2982 2982
8681 8681
8003 8003
2576 2576
4114 4114
5582 5582
8655 8655
2458 2458
6014 6014
4016 4016
6261 6261
4481 4481
6713 6713
9362 9362
8066 8066
5535 5535
7149 7149
6348 6348
4227 4227
4565 4565
4405 4405
2265 2265
3044 3044
1627 1627
4253 4253
6139 6139
1914 1914
5293 5293
7062 7062
1138 1138
4181 4181
9965 9965
1694 1694
4151 4151
2056 2056
7042 7042
4531 4531
7377 7377
8711 8711
7190 7190
4827 4827
2918 2918
1629 1629
748 748
4360 4360
2097 2097
1502 1502
1309 1309
2775 2775
2289 2289
158 158
5611 5611
4194 4194
7419 7419
7576 7576
3224 3224
3625 3625
3439 3439
7315 7315
1777 1777
8365 8365
2912 2912
348 348
3206 3206
2686 2686
3681 3681
906 906
602 602
5043 5043
2019 2019
7711 7711
8283 8283
916 916
2193 2193
1163 1163
8483 8483
6616 6616
4901 4901
8187 8187
6976 6976
9169 9169
9104 9104
2023 2023
489 489
1091 1091
8351 8351
2496 2496
4367 4367
8709 8709
1659 1659
6103 6103
2145 2145
8429 8429
7871 7871
3384 3384
3506 3506
3407 3407
5756 5756
8514 8514
6213 6213
8929 8929
4101 4101
5331 5331
9351 9351
7361 7361
2126 2126
8445 8445
6987 6987
314 314
8618 8618
5570 5570
2235 2235
8696 8696
184 184
1894 1894
7710 7710
4376 4376
3157 3157
1652 1652
511 511
4679 4679
8439 8439
3194 3194
1459 1459
2703 2703
7284 7284
8835 8835
9645 9645
5638 5638
3595 3595
5735 5735
3090 3090
7787 7787
8764 8764
1619 1619
9342 9342
5137 5137
105 105
4751 4751
1419 1419
6780 6780
3086 3086
744 744
5931 5931
9698 9698
4286 4286
4004 4004
1164 1164
3442 3442
1680 1680
5893 5893
1993 1993
4634 4634
3745 3745
6475 6475
7851 7851
2568 2568
3589 3589
5565 5565
8602 8602
5620 5620
1048 1048
1421 1421
1651 1651
4228 4228
2257 2257
6501 6501
4925 4925
8566 8566
1068 1068
7568 7568
6206 6206
6801 6801
1726 1726
6340 6340
7452 7452
4496 4496
4223 4223
8069 8069
5087 5087
568 568
2148 2148
8606 8606
7265 7265
152 152
1069 1069
2891 2891
1116 1116
1023 1023
4766 4766
4643 4643
2320 2320
703 703
5543 5543
341 341
5280 5280
7401 7401
2358 2358
5829 5829
1029 1029
3881 3881
3018 3018
2206 2206
7762 7762
2582 2582
2907 2907
1301 1301
4442 4442
5511 5511
4525 4525
8036 8036
6969 6969
525 525
4710 4710
7684 7684
4790 4790
7308 7308
7435 7435
9852 9852
9861 9861
3566 3566
5509 5509
5936 5936
3885 3885
5359 5359
9207 9207
9612 9612
9924 9924
5282 5282
5363 5363
2908 2908
8796 8796
3240 3240
288 288
1311 1311
3012 3012
4134 4134
4974 4974
5452 5452
2954 2954
8643 8643
9775 9775
2571 2571
8431 8431
5831 5831
1631 1631
2815 2815
8369 8369
4856 4856
3408 3408
3123 3123
2741 2741
2042 2042
9434 9434
6826 6826
6148 6148
1691 1691
9288 9288
9458 9458
2938 2938
7879 7879
2168 2168
4015 4015
3948 3948
2711 2711
7671 7671
4081 4081
5459 5459
1483 1483
7760 7760
9618 9618
1400 1400
9532 9532
1173 1173
3895 3895
196 196
1963 1963
3135 3135
4543 4543
926 926
6918 6918
2304 2304
954 954
6082 6082
3916 3916
3040 3040
2501 2501
7591 7591
9990 9990
4934 4934
5811 5811
8267 8267
455 455
4860 4860
7696 7696
137 137
5595 5595
8895 8895
580 580
672 672
8666 8666
6169 6169
729 729
7781 7781
6751 6751
4435 4435
4735 4735
2086 2086
8129 8129
5327 5327
2984 2984
8293 8293
1322 1322
459 459
379 379
9477 9477
405 405
3730 3730
9118 9118
6995 6995
7201 7201
9147 9147
9502 9502
8649 8649
9841 9841
1828 1828
8593 8593
7674 7674
1020 1020
3058 3058
3671 3671
6419 6419
4056 4056
1424 1424
2796 2796
7507 7507
1913 1913
8320 8320
6283 6283
3875 3875
1192 1192
4780 4780
7641 7641
2547 2547
7409 7409
6328 6328
6755 6755
1755 1755
902 902
2417 2417
5355 5355
6355 6355
3378 3378
6185 6185
8857 8857
8121 8121
9826 9826
8165 8165
7104 7104
94 94
7735 7735
8982 8982
3116 3116
440 440
6678 6678
9787 9787
1590 1590
368 368
9917 9917
1011 1011
7836 7836
6280 6280
7229 7229
7916 7916
8519 8519
9622 9622
2295 2295
8056 8056
4420 4420
9494 9494
2291 2291
4266 4266
2105 2105
710 710
2016 2016
8029 8029
5098 5098
320 320
3633 3633
18 18
5105 5105
5415 5415
3443 3443
1092 1092
4183 4183
3490 3490
6015 6015
573 573
6010 6010
1795 1795
351 351
5909 5909
3698 3698
3111 3111
5401 5401
5751 5751
5807 5807
3910 3910
3353 3353
6912 6912
1881 1881
6433 6433
4770 4770
4232 4232
7465 7465
9395 9395
1158 1158
5451 5451
2394 2394
930 930
7124 7124
3664 3664
2806 2806
219 219
2943 2943
4364 4364
8258 8258
8632 8632
643 643
1396 1396
110 110
6837 6837
9069 9069
8012 8012
4551 4551
5760 5760
4403 4403
5700 5700
9271 9271
2630 2630
6622 6622
4800 4800
1783 1783
3369 3369
5249 5249
9021 9021
8189 8189
3015 3015
4631 4631
9896 9896
3827 3827
5746 5746
5637 5637
600 600
2702 2702
8174 8174
775 775
6516 6516
8504 8504
8176 8176
4772 4772
4349 4349
7030 7030
4726 4726
4024 4024
6177 6177
3906 3906
7529 7529
8768 8768
5448 5448
2479 2479
7120 7120
1848 1848
2603 2603
4408 4408
2426 2426
6122 6122
586 586
5806 5806
3549 3549
3413 3413
9536 9536
316 316
5667 5667
5108 5108
9878 9878
4469 4469
2856 2856
9929 9929
6629 6629
6035 6035
5553 5553
539 539
4065 4065
8938 8938
7800 7800
7318 7318
7175 7175
9360 9360
863 863
9270 9270
4837 4837
5066 5066
3221 3221
3415 3415
8769 8769
5979 5979
5339 5339
4011 4011
2699 2699
4208 4208
9611 9611
7820 7820
5457 5457
6524 6524
2867 2867
8958 8958
3389 3389
5862 5862
8737 8737
7704 7704
4434 4434
8818 8818
6444 6444
6297 6297
6359 6359
1415 1415
232 232
8825 8825
1264 1264
7309 7309
8167 8167
947 947
3963 3963
8098 8098
5921 5921
7716 7716
6879 6879
5300 5300
1962 1962
665 665
7180 7180
796 796
4350 4350
8315 8315
4369 4369
5060 5060
7256 7256
7631 7631
1408 1408
6313 6313
6698 6698
4897 4897
8358 8358
5475 5475
4570 4570
2037 2037
3069 3069
5632 5632
9134 9134
1519 1519
4808 4808
9289 9289
5436 5436
6961 6961
3126 3126
5610 5610
8154 8154
1058 1058
4333 4333
6271 6271
3229 3229
8161 8161
4571 4571
3300 3300
8404 8404
8107 8107
761 761
8605 8605
9093 9093
5221 5221
5007 5007
2229 2229
7898 7898
7035 7035
5025 5025
611 611
8877 8877
7569 7569
8368 8368
466 466
3301 3301
4498 4498
4801 4801
8555 8555
4041 4041
3693 3693
5956 5956
227 227
767 767
3746 3746
1796 1796
8447 8447
1580 1580
523 523
133 133
6911 6911
8237 8237
2965 2965
7268 7268
9716 9716
52 52
6991 6991
8520 8520
7028 7028
8210 8210
1340 1340
9255 9255
9321 9321
6187 6187
868 868
2625 2625
569 569
7334 7334
2076 2076
8956 8956
9380 9380
6241 6241
8669 8669
5082 5082
1539 1539
8052 8052
9252 9252
8453 8453
6748 6748
2357 2357
4615 4615
1650 1650
3373 3373
8006 8006
287 287
3939 3939
5937 5937
2080 2080
4562 4562
4299 4299
162 162
3472 3472
9123 9123
8119 8119
2113 2113
1233 1233
4431 4431
5580 5580
5737 5737
8115 8115
2384 2384
8164 8164
7453 7453
3592 3592
2748 2748
9102 9102
5749 5749
1496 1496
2609 2609
4417 4417
6846 6846
3675 3675
1179 1179
9755 9755
8022 8022
5031 5031
6212 6212
4140 4140
6109 6109
6461 6461
8442 8442
4141 4141
9469 9469
8028 8028
2049 2049
238 238
8058 8058
3263 3263
6805 6805
6431 6431
6370 6370
6128 6128
5649 5649
6312 6312
920 920
5852 5852
3024 3024
4307 4307
7492 7492
5309 5309
5982 5982
5294 5294
1096 1096
5424 5424
2506 2506
7647 7647
9594 9594
5575 5575
332 332
6012 6012
7532 7532
6384 6384
1688 1688
8135 8135
2836 2836
9934 9934
8671 8671
8733 8733
5312 5312
1719 1719
1968 1968
112 112
5392 5392
1911 1911
562 562
923 923
148 148
4235 4235
3911 3911
1186 1186
583 583
4980 4980
5641 5641
3651 3651
8918 8918
3282 3282
8925 8925
95 95
442 442
8926 8926
2773 2773
6138 6138
1105 1105
5063 5063
4467 4467
8586 8586
4099 4099
6489 6489
9314 9314
9234 9234
914 914
9601 9601
2017 2017
7611 7611
9231 9231
3772 3772
2000 2000
7617 7617
2333 2333
2339 2339
1559 1559
3905 3905
4732 4732
5238 5238
9793 9793
3795 3795
987 987
1974 1974
4475 4475
2875 2875
8601 8601
6646 6646
8619 8619
5924 5924
248 248
280 280
2388 2388
7873 7873
9665 9665
1908 1908
2155 2155
9250 9250
9799 9799
4023 4023
6954 6954
2004 2004
9735 9735
4795 4795
7 7
5895 5895
6666 6666
2620 2620
6973 6973
4865 4865
3800 3800
8468 8468
4076 4076
9843 9843
5891 5891
4507 4507
2608 2608
6237 6237
3989 3989
4285 4285
2522 2522
660 660
8716 8716
7964 7964
7130 7130
9547 9547
2378 2378
4218 4218
8579 8579
6967 6967
5381 5381
9435 9435
3904 3904
9037 9037
146 146
7888 7888
245 245
6887 6887
1754 1754
2564 2564
4969 4969
1997 1997
884 884
7335 7335
9470 9470
2928 2928
3393 3393
19 19
2215 2215
1741 1741
7462 7462
2221 2221
8557 8557
1273 1273
2669 2669
4622 4622
7962 7962
2 2
6776 6776
1448 1448
732 732
7667 7667
2889 2889
8603 8603
5970 5970
4529 4529
6481 6481
9419 9419
945 945
151 151
457 457
9701 9701
5006 5006
9445 9445
3464 3464
1491 1491
67 67
8691 8691
3196 3196
9948 9948
6986 6986
1357 1357
3232 3232
2047 2047
5835 5835
3642 3642
9087 9087
6365 6365
9591 9591
3180 3180
4671 4671
3758 3758
1888 1888
3925 3925
6612 6612
5792 5792
5512 5512
92 92
9497 9497
3564 3564
7121 7121
6882 6882
746 746
4928 4928
844 844
9449 9449
1893 1893
8181 8181
1600 1600
7215 7215
291 291
1967 1967
2400 2400
8916 8916
7235 7235
801 801
6492 6492
7794 7794
2983 2983
3997 3997
5904 5904
9277 9277
9659 9659
4599 4599
7358 7358
5386 5386
6116 6116
4879 4879
6083 6083
1990 1990
3394 3394
4657 4657
5110 5110
4738 4738
2557 2557
5183 5183
5915 5915
5048 5048
83 83
1824 1824
7616 7616
7468 7468
8988 8988
4652 4652
1346 1346
546 546
4130 4130
4700 4700
8861 8861
6790 6790
2014 2014
1076 1076
5714 5714
372 372
1738 1738
5361 5361
6165 6165
7243 7243
8983 8983
6423 6423
4363 4363
2375 2375
9855 9855
7814 7814
7996 7996
8588 8588
7220 7220
1341 1341
2440 2440
6026 6026
2927 2927
741 741
6532 6532
9416 9416
7572 7572
9617 9617
4526 4526
989 989
310 310
2216 2216
6773 6773
1339 1339
305 305
4778 4778
3862 3862
9191 9191
8460 8460
3141 3141
9349 9349
7510 7510
2203 2203
8421 8421
837 837
4471 4471
2691 2691
9666 9666
6308 6308
4146 4146
6354 6354
134 134
1406 1406
9778 9778
5491 5491
1635 1635
1879 1879
7100 7100
9363 9363
5669 5669
8893 8893
4789 4789
4454 4454
861 861
2833 2833
3512 3512
9537 9537
234 234
5505 5505
4606 4606
6750 6750
113 113
7918 7918
6247 6247
5398 5398
1944 1944
5537 5537
8621 8621
830 830
7430 7430
4746 4746
6476 6476
3833 3833
6390 6390
6608 6608
5843 5843
4509 4509
8596 8596
88 88
1769 1769
4777 4777
4850 4850
9083 9083
8802 8802
2278 2278
4533 4533
7052 7052
7987 7987
9792 9792
550 550
6092 6092
8023 8023
1626 1626
6835 6835
3525 3525
7678 7678
3941 3941
6697 6697
9786 9786
5079 5079
2586 2586
5560 5560
5588 5588
5785 5785
6207 6207
411 411
6204 6204
6094 6094
3103 3103
7236 7236
9523 9523
6162 6162
8616 8616
8883 8883
2083 2083
5690 5690
439 439
9556 9556
342 342
9897 9897
4687 4687
7967 7967
384 384
1002 1002
3495 3495
6891 6891
871 871
560 560
3865 3865
6174 6174
4300 4300
4902 4902
8934 8934
4965 4965
6940 6940
9218 9218
5966 5966
66 66
2230 2230
1312 1312
5781 5781
8073 8073
3825 3825
9939 9939
2316 2316
6553 6553
2471 2471
7930 7930
5088 5088
8430 8430
2212 2212
5946 5946
7582 7582
8416 8416
365 365
9003 9003
3522 3522
725 725
6731 6731
8040 8040
3850 3850
8080 8080
3733 3733
4761 4761
189 189
9656 9656
4848 4848
3933 3933
3632 3632
7608 7608
8102 8102
3575 3575
6966 6966
3476 3476
7722 7722
780 780
8974 8974
3839 3839
5705 5705
1582 1582
1202 1202
1375 1375
4703 4703
7828 7828
5023 5023
3371 3371
7271 7271
5367 5367
1772 1772
4547 4547
5554 5554
9211 9211
6602 6602
2132 2132
5039 5039
5668 5668
625 625
3744 3744
6716 6716
2828 2828
6796 6796
2946 2946
7186 7186
7954 7954
4234 4234
454 454
2980 2980
9876 9876
762 762
3801 3801
7656 7656
9880 9880
481 481
1156 1156
8512 8512
2053 2053
6875 6875
6839 6839
9522 9522
8079 8079
6031 6031
4117 4117
33 33
6600 6600
7767 7767
2794 2794
6217 6217
6529 6529
6172 6172
4849 4849
3458 3458
5805 5805
3047 3047
2672 2672
2565 2565
2731 2731
2403 2403
8578 8578
7144 7144
2288 2288
3366 3366
1347 1347
7447 7447
3599 3599
4577 4577
4942 4942
5224 5224
2953 2953
4877 4877
7915 7915
3158 3158
5277 5277
7020 7020
5788 5788
7427 7427
5045 5045
3987 3987
6304 6304
438 438
6963 6963
2799 2799
6161 6161
6406 6406
1181 1181
9382 9382
7426 7426
7805 7805
9443 9443
3421 3421
9034 9034
2523 2523
4835 4835
311 311
8449 8449
3283 3283
9894 9894
2705 2705
9638 9638
9916 9916
3077 3077
3679 3679
6935 6935
7096 7096
7277 7277
3019 3019
2022 2022
7702 7702
301 301
8082 8082
9713 9713
512 512
5948 5948
9839 9839
6030 6030
7070 7070
3317 3317
768 768
1320 1320
7736 7736
2030 2030
6332 6332
8339 8339
5539 5539
2438 2438
5625 5625
5646 5646
363 363
2944 2944
4655 4655
9186 9186
9931 9931
176 176
9149 9149
1837 1837
147 147
621 621
5364 5364
1412 1412
1760 1760
8342 8342
4245 4245
5518 5518
1393 1393
4187 4187
757 757
4868 4868
7091 7091
9529 9529
2393 2393
9820 9820
1799 1799
5144 5144
2681 2681
7219 7219
7285 7285
967 967
2599 2599
4473 4473
9074 9074
4402 4402
7467 7467
575 575
3878 3878
8788 8788
9553 9553
3840 3840
848 848
7686 7686
8246 8246
5589 5589
4730 4730
8137 8137
3492 3492
3716 3716
5644 5644
6676 6676
2851 2851
5222 5222
2369 2369
9772 9772
7960 7960
2792 2792
4161 4161
4727 4727
2220 2220
5297 5297
2468 2468
4662 4662
2447 2447
2360 2360
8295 8295
2158 2158
5568 5568
681 681
7847 7847
6831 6831
136 136
2968 2968
6951 6951
9528 9528
3257 3257
6104 6104
7117 7117
5049 5049
59 59
6601 6601
3581 3581
4535 4535
1910 1910
1700 1700
7369 7369
7630 7630
401 401
3151 3151
2322 2322
8564 8564
9737 9737
5430 5430
3392 3392
3855 3855
4553 4553
2459 2459
7280 7280
9438 9438
820 820
5360 5360
260 260
7747 7747
9847 9847
1171 1171
6519 6519
414 414
3067 3067
4188 4188
8009 8009
58 58
7922 7922
6947 6947
787 787
8179 8179
4477 4477
1209 1209
3424 3424
5315 5315
3600 3600
491 491
4513 4513
635 635
3908 3908
1801 1801
5685 5685
6965 6965
7135 7135
2160 2160
7721 7721
7854 7854
3550 3550
4261 4261
4433 4433
9600 9600
3212 3212
8244 8244
9726 9726
2188 2188
7474 7474
854 854
8609 8609
5875 5875
2538 2538
8689 8689
9423 9423
4720 4720
5336 5336
6019 6019
1240 1240
3764 3764
3957 3957
7079 7079
4058 4058
7790 7790
9798 9798
7282 7282
2916 2916
11 11
4894 4894
1571 1571
6120 6120
5112 5112
4465 4465
3092 3092
7209 7209
9870 9870
3315 3315
1595 1595
1552 1552
7444 7444
7816 7816
8435 8435
7557 7557
4598 4598
2491 2491
9273 9273
1374 1374
1765 1765
4642 4642
5305 5305
8793 8793
1074 1074
1112 1112
4077 4077
2558 2558
6929 6929
1717 1717
887 887
6619 6619
5080 5080
4258 4258
7027 7027
5723 5723
1958 1958
5354 5354
795 795
1574 1574
5164 5164
6781 6781
6922 6922
8690 8690
3166 3166
731 731
4118 4118
6810 6810
393 393
7889 7889
7853 7853
1275 1275
4907 4907
3200 3200
6615 6615
2574 2574
6118 6118
195 195
188 188
8594 8594
1428 1428
1803 1803
8936 8936
2797 2797
7252 7252
5218 5218
4381 4381
7146 7146
4087 4087
7518 7518
6544 6544
444 444
1764 1764
4404 4404
5701 5701
6496 6496
4921 4921
2480 2480
7948 7948
7581 7581
2379 2379
3696 3696
3080 3080
240 240
7486 7486
1070 1070
6741 6741
4279 4279
5089 5089
5697 5697
9056 9056
8383 8383
6903 6903
6409 6409
1137 1137
5813 5813
4421 4421
8489 8489
297 297
3065 3065
4629 4629
9259 9259
2196 2196
3602 3602
7508 7508
8366 8366
1882 1882
6642 6642
3554 3554
1270 1270
1887 1887
6448 6448
3511 3511
9539 9539
6956 6956
688 688
31 31
9569 9569
2372 2372
7913 7913
5622 5622
4482 4482
9201 9201
712 712
6088 6088
3355 3355
1722 1722
9214 9214
3541 3541
4524 4524
8731 8731
2834 2834
5267 5267
9140 9140
8909 8909
2880 2880
5888 5888
5739 5739
1936 1936
6523 6523
4203 4203
6324 6324
5840 5840
9272 9272
9571 9571
7112 7112
4882 4882
1006 1006
4047 4047
3701 3701
290 290
2626 2626
5229 5229
9973 9973
8229 8229
4291 4291
6999 6999
2024 2024
7381 7381
6599 6599
4588 4588
2655 2655
9853 9853
9166 9166
9663 9663
2812 2812
9521 9521
1504 1504
9460 9460
2831 2831
3644 3644
3226 3226
4319 4319
7088 7088
5775 5775
7253 7253
7364 7364
8903 8903
5081 5081
4558 4558
3155 3155
6932 6932
1693 1693
764 764
3440 3440
8867 8867
3838 3838
959 959
6333 6333
1601 1601
4348 4348
5906 5906
5220 5220
9933 9933
3034 3034
9131 9131
9773 9773
5720 5720
5498 5498
4677 4677
3319 3319
9887 9887
6377 6377
6156 6156
2198 2198
5664 5664
4375 4375
5324 5324
9345 9345
8907 8907
7804 7804
4451 4451
6483 6483
2930 2930
7719 7719
7745 7745
517 517
938 938
6876 6876
7376 7376
3673 3673
7138 7138
3783 3783
6914 6914
4644 4644
3029 3029
1140 1140
7756 7756
3504 3504
8065 8065
6259 6259
5016 5016
1165 1165
7065 7065
6425 6425
6038 6038
9963 9963
5905 5905
6628 6628
6421 6421
7338 7338
8285 8285
6530 6530
1294 1294
2778 2778
1443 1443
2498 2498
4941 4941
5958 5958
604 604
5344 5344
3186 3186
8800 8800
970 970
9660 9660
526 526
4904 4904
7392 7392
8531 8531
71 71
3570 3570
4090 4090
7041 7041
126 126
1995 1995
8943 8943
3823 3823
8088 8088
7635 7635
9630 9630
9893 9893
6147 6147
3333 3333
1362 1362
2142 2142
9794 9794
7237 7237
4528 4528
2225 2225
5317 5317
1781 1781
2739 2739
9212 9212
6765 6765
4656 4656
1875 1875
5102 5102
8827 8827
6044 6044
7442 7442
2271 2271
7527 7527
2282 2282
1473 1473
7141 7141
1379 1379
309 309
3285 3285
2979 2979
8053 8053
9968 9968
2682 2682
1813 1813
7037 7037
8858 8858
6569 6569
5601 5601
3467 3467
7682 7682
2570 2570
4315 4315
3591 3591
8694 8694
6000 6000
2820 2820
6178 6178
2419 2419
8795 8795
8933 8933
6893 6893
2673 2673
4825 4825
7823 7823
5880 5880
5073 5073
7744 7744
2858 2858
4226 4226
1731 1731
9138 9138
8268 8268
831 831
9697 9697
1623 1623
5416 5416
533 533
4010 4010
8574 8574
7412 7412
9742 9742
4096 4096
6693 6693
6052 6052
6337 6337
7923 7923
1917 1917
3364 3364
3038 3038
6770 6770
4259 4259
7514 7514
8937 8937
7981 7981
3160 3160
5579 5579
4241 4241
8842 8842
5019 5019
953 953
935 935
6925 6925
5192 5192
8518 8518
8954 8954
579 579
2607 2607
7753 7753
1490 1490
4327 4327
8 8
6027 6027
1984 1984
3491 3491
8043 8043
2493 2493
2910 2910
9330 9330
4864 4864
2087 2087
8799 8799
1517 1517
8352 8352
1982 1982
3818 3818
8919 8919
7310 7310
7089 7089
6567 6567
9365 9365
1232 1232
2947 2947
1805 1805
3356 3356
5916 5916
1013 1013
6587 6587
6021 6021
5120 5120
8220 8220
8810 8810
1869 1869
1214 1214
6657 6657
8831 8831
8083 8083
834 834
3976 3976
5338 5338
3993 3993
4216 4216
552 552
9817 9817
6438 6438
1128 1128
2521 2521
8311 8311
718 718
9649 9649
9320 9320
6570 6570
9441 9441
6298 6298
588 588
7466 7466
5067 5067
627 627
4574 4574
6091 6091
9550 9550
8203 8203
4510 4510
6894 6894
2250 2250
7418 7418
9338 9338
6654 6654
3401 3401
6520 6520
6500 6500
7649 7649
8017 8017
2548 2548
9920 9920
7521 7521
8770 8770
4903 4903
8914 8914
376 376
1222 1222
7353 7353
1467 1467
4947 4947
9840 9840
6686 6686
6090 6090
4163 4163
3277 3277
2636 2636
4830 4830
6196 6196
4158 4158
4793 4793
400 400
7199 7199
9296 9296
8294 8294
1512 1512
7317 7317
734 734
6931 6931
845 845
9079 9079
8372 8372
1774 1774
1384 1384
5911 5911
7866 7866
8152 8152
8747 8747
9488 9488
46 46
2184 2184
8380 8380
5032 5032
4839 4839
5284 5284
8501 8501
8968 8968
889 889
8482 8482
1127 1127
8541 8541
3453 3453
4461 4461
6495 6495
6552 6552
3318 3318
7250 7250
3536 3536
716 716
5819 5819
5884 5884
7464 7464
1175 1175
1931 1931
2399 2399
8927 8927
3755 3755
275 275
4205 4205
1488 1488
23 23
1314 1314
3308 3308
4661 4661
12 12
8202 8202
6276 6276
7038 7038
9020 9020
8138 8138
6180 6180
2964 2964
2114 2114
5096 5096
5298 5298
266 266
8912 8912
3608 3608
2131 2131
5898 5898
2413 2413
7627 7627
7454 7454
9784 9784
6293 6293
5011 5011
8834 8834
8859 8859
8841 8841
8532 8532
8530 8530
1849 1849
4818 4818
7145 7145
2720 2720
4384 4384
9819 9819
4822 4822
3360 3360
9298 9298
2732 2732
5352 5352
7842 7842
791 791
6868 6868
9353 9353
8300 8300
3811 3811
752 752
5347 5347
4688 4688
5365 5365
7336 7336
9176 9176
5722 5722
9420 9420
4576 4576
7342 7342
9076 9076
5286 5286
451 451
3130 3130
982 982
5478 5478
4584 4584
1050 1050
7415 7415
4122 4122
2290 2290
9490 9490
8921 8921
4776 4776
1402 1402
3805 3805
4051 4051
5736 5736
5268 5268
3087 3087
2121 2121
1442 1442
9026 9026
2684 2684
6098 6098
9822 9822
5532 5532
5142 5142
9170 9170
4759 4759
9035 9035
8248 8248
973 973
2299 2299
6242 6242
4297 4297
2234 2234
4133 4133
6034 6034
2518 2518
554 554
2436 2436
9068 9068
